# Step PotentialEnergy(eV) KineticEnergy(eV) TotalEnergy(eV)
0 -2290.34745166693 62.380945977 -2227.96650568993
10 -2298.7674806179 70.8026893656967 -2227.9647912522
20 -2326.10516423885 98.1450734375822 -2227.96009080126
30 -2380.32121607283 152.365541950322 -2227.95567412251
40 -2472.98222909016 245.061226027599 -2227.92100306256
50 -2702.38383751682 475.191456209839 -2227.19238130698
60 -4619.52346943345 2385.65352800574 -2233.86994142771
70 -4609.75280722043 2391.72737616368 -2218.02543105675
80 -8233.93070554645 5983.22448511435 -2250.7062204321
90 -24975.9417975935 22418.3236483091 -2557.61814928443
100 -71813.0109278574 87039.4823168052 15226.4713889478
110 -103810.322978366 275004.229412345 171193.906433978
120 -60854.7471707453 929799.211111232 868944.463940486
130 -25178.482221628 927784.166557087 902605.684335459
140 -25519.990891348 925828.602599998 900308.61170865
150 -15501.2194382408 925130.940590483 909629.721152242
160 -12820.2645860587 903495.963135425 890675.698549366
170 -9045.69929119201 896160.729780579 887115.030489387
180 -8236.59570558993 895856.617132382 887620.021426792
190 -9673.07497808015 895386.696399579 885713.621421499
200 -15105.6418823721 906443.675081356 891338.033198984
210 -7865.36616557947 902614.924671866 894749.558506286
220 -6701.83917972385 900416.204452902 893714.365273178
230 -5543.01356504974 899679.037092244 894136.023527194
240 -6406.18328854079 896593.592640016 890187.409351475
250 -7362.72454880335 895394.721645945 888031.997097142
260 -7211.95815168818 898486.827034258 891274.86888257
270 -7535.8121676949 899079.562980993 891543.750813298
280 -5778.31648132 897070.008630894 891291.692149574
290 -5868.21510881749 899080.346128043 893212.131019226
300 -5259.43299430995 900157.431580076 894897.998585766
310 -5866.28459470596 901760.576329466 895894.29173476
320 -5155.19207696705 899681.67919622 894526.487119253
330 -6375.66348159922 902008.264805387 895632.601323788
340 -4446.46250850489 896958.561142351 892512.098633846
350 -5016.0761435706 896942.300939563 891926.224795992
360 -5582.72051508038 896195.841347524 890613.120832443
370 -7078.62181866035 898140.24053764 891061.61871898
380 -5632.65507187971 895434.696980578 889802.041908698
390 -4941.98061506783 897256.588289787 892314.607674719
400 -7142.59711792335 897630.742736109 890488.145618186
410 -4580.2698380397 899791.912379711 895211.642541671
420 -7514.51710562335 902944.918041901 895430.400936278
430 -6790.55977525861 902912.057465518 896121.49769026
440 -4930.93081028746 902452.376438352 897521.445628065
450 -5034.2408813743 902926.002781455 897891.761900081
460 -6625.68767445456 903725.698610722 897100.010936267
470 -5412.0254762251 901038.815260031 895626.789783806
480 -5856.15380208325 899785.262963503 893929.10916142
490 -6264.70665389222 902050.173585734 895785.466931841
500 -6608.83566934971 903056.81062027 896447.97495092
510 -5590.43985128169 902080.579555798 896490.139704516
520 -5148.12128441897 901176.835365234 896028.714080815
530 -5700.98729750546 898512.518324685 892811.531027179
540 -5144.86468938966 898422.827247023 893277.962557633
550 -6098.95743556857 902108.547009584 896009.589574015
560 -6364.85903251791 901599.923670462 895235.064637944
570 -5299.80451476793 901067.264400962 895767.459886194
580 -5503.01519470012 901980.879513303 896477.864318603
590 -4952.64516495799 902381.936410249 897429.291245291
600 -4896.57130553188 903555.606678062 898659.03537253
610 -4776.92390519602 906725.01791546 901948.094010264
620 -6589.75525898447 909182.357304552 902592.602045567
630 -7678.9231254442 909015.102567579 901336.179442135
640 -6195.35063742602 910111.026203881 903915.675566455
650 -5294.41356227567 913957.656121213 908663.242558938
660 -6262.30257829239 912974.323837034 906712.021258742
670 -6725.96070397339 911885.585465241 905159.624761268
680 -6162.64560011194 911519.876571807 905357.230971695
690 -5052.92475896514 907961.464620612 902908.539861646
700 -5852.33604478259 909545.296362963 903692.960318181
710 -5549.51757477496 910231.75364971 904682.236074935
720 -5450.71929296979 910783.135498046 905332.416205076
730 -6098.84196390561 909650.317386115 903551.47542221
740 -5460.05747882758 911321.692858081 905861.635379253
750 -5398.58735831851 910689.595703383 905291.008345064
760 -7429.47182648319 910009.689753698 902580.217927215
770 -6035.10550388495 907955.289077661 901920.183573776
780 -4845.79000849212 906296.073325882 901450.28331739
790 -5288.65663675935 907428.094232441 902139.437595682
800 -7396.05841886988 909536.831393827 902140.772974957
810 -6836.27335253651 909928.253542729 903091.980190192
820 -6402.39347922638 912201.134284444 905798.740805218
830 -6303.85786892906 913159.186578992 906855.328710063
840 -5592.95507337249 910496.064438256 904903.109364883
850 -5976.86291542315 906267.372616515 900290.509701092
860 -7486.61140363645 909943.108683116 902456.497279479
870 -4600.22827266367 910482.391118403 905882.162845739
880 -7426.55399321683 909986.686077636 902560.132084419
890 -5832.0066282929 911941.659877568 906109.653249276
900 -6134.59818704303 911965.171437711 905830.573250668
910 -5368.24048064426 911245.872411029 905877.631930385
920 -5323.74574643582 914061.779250063 908738.033503627
930 -6409.92033715708 917253.223093518 910843.302756361
940 -6631.36404577276 920839.316558687 914207.952512915
950 -6258.71549518469 919970.390397678 913711.674902494
960 -6544.38873964794 920138.323829394 913593.935089746
970 -5076.54996715439 917711.049803915 912634.49983676
980 -6055.68686197888 915778.915199181 909723.228337202
990 -4740.15128430435 916415.575270446 911675.423986141
1000 -5867.14462396098 918181.406769904 912314.262145943
1010 -4885.74430290911 918021.944201139 913136.19989823
1020 -4856.27772972285 917892.729003028 913036.451273305
1030 -4910.27455481836 917565.923860452 912655.649305633
1040 -5052.90008082098 919138.378808526 914085.478727705
1050 -5343.97163370426 918851.371181102 913507.399547398
1060 -5705.13953844426 917427.221888828 911722.082350383
1070 -5565.95068828233 917468.081223504 911902.130535221
1080 -5640.0158155837 914803.387036577 909163.371220993
1090 -4983.31818662559 914639.924405258 909656.606218633
1100 -5916.82406093801 915093.836173706 909177.012112768
1110 -5703.24916160801 911072.233839623 905368.984678015
1120 -4951.04430182639 905967.907269022 901016.862967196
1130 -5416.12038997121 906059.807009873 900643.686619902
1140 -7162.07196658323 905711.936499821 898549.864533238
1150 -6771.81436951071 906476.619062412 899704.804692901
1160 -6366.1204747907 906168.128832496 899802.008357706
1170 -5940.64894309096 913254.632683321 907313.98374023
1180 -5988.72269200306 911667.756857217 905679.034165214
1190 -5526.28623526504 908887.18683237 903360.900597104
1200 -5163.21520138568 908132.724879055 902969.50967767
1210 -6153.05583347096 911718.479274601 905565.42344113
1220 -5789.59957272978 916338.616216996 910549.016644266
1230 -5782.04096266778 913199.91225995 907417.871297282
1240 -5274.86613256603 919298.26041229 914023.394279724
1250 -5424.25871382473 920046.89707336 914622.638359535
1260 -6860.67523252861 921081.659205992 914220.983973463
1270 -5851.44223321299 916612.161004249 910760.718771036
1280 -5411.48643095752 912429.886884484 907018.400453526
1290 -6269.43162461978 910586.005028117 904316.573403497
1300 -5800.31245420075 914711.586421659 908911.273967459
1310 -5989.93428871085 912286.168519705 906296.234230995
1320 -6486.51992066735 913896.989168515 907410.469247848
1330 -5646.6376704781 909078.761378072 903432.123707594
1340 -6668.92065546812 910708.47225302 904039.551597552
1350 -4900.15647668549 912206.648865829 907306.492389144
1360 -6645.29266378468 914639.760016207 907994.467352422
1370 -5876.58565941916 915339.901185983 909463.315526564
1380 -5339.90295771596 919693.041008087 914353.138050371
1390 -6013.62641925237 920342.197428782 914328.571009529
1400 -5666.22997678191 919398.879149421 913732.64917264
1410 -5703.48244697602 922204.314302343 916500.831855367
1420 -5401.42680563357 917315.828106795 911914.401301161
1430 -5357.52525856782 918805.010532362 913447.485273795
1440 -5189.48319061459 917654.944432746 912465.461242131
1450 -4765.78466390181 915877.729891761 911111.945227859
1460 -5980.98480045624 915493.569612681 909512.584812225
1470 -5984.42378029861 916706.926515234 910722.502734935
1480 -4505.17482849612 913671.857103836 909166.68227534
1490 -5145.5640431933 915719.929989221 910574.365946028
1500 -6619.0003525979 912853.375540569 906234.375187972
1510 -5961.53311166889 910833.104403953 904871.571292284
1520 -6187.23333036865 910911.227896955 904723.994566587
1530 -6121.25827908938 911453.030114537 905331.771835447
1540 -5962.05500380461 912963.416423855 907001.36142005
1550 -4733.14539628006 915832.911384898 911099.765988618
1560 -6479.22999454784 917200.244917811 910721.014923263
1570 -6416.57243707869 915477.316073174 909060.743636095
1580 -6245.461419316 914579.804017182 908334.342597866
1590 -5934.26191052906 914540.800216099 908606.538305569
1600 -5611.70710867515 917896.66945103 912284.962342355
1610 -5723.37049540225 920260.466558903 914537.096063501
1620 -6155.5178408557 920489.178835307 914333.660994451
1630 -5853.52504332088 921059.612130587 915206.087087266
1640 -5365.90239776264 922777.27372998 917411.371332217
1650 -5383.23383728483 924131.170748479 918747.936911194
1660 -6730.51697976321 923462.248065574 916731.731085811
1670 -6621.84994397155 921952.238009721 915330.388065749
1680 -4782.99742140119 921135.725436904 916352.728015503
1690 -4985.86183435291 918823.459166632 913837.597332279
1700 -5408.40483854922 921239.4122501 915831.007411551
1710 -5186.61816255194 919207.734904147 914021.116741595
1720 -5868.77482302265 917807.569634484 911938.794811462
1730 -5302.38586390553 916671.693779112 911369.307915206
1740 -6548.36653438334 913904.173131635 907355.806597251
1750 -6031.88248877248 912545.390023731 906513.507534958
1760 -5165.37471795231 909915.293927434 904749.919209481
1770 -7019.39747265077 911714.311038133 904694.913565482
1780 -6235.00883705759 915160.326596636 908925.317759578
1790 -5055.91411730542 913502.308994336 908446.394877031
1800 -6079.22702221448 916821.476401439 910742.249379225
1810 -6937.41700178144 916982.48748985 910045.070488068
1820 -5593.80608684008 915061.727387953 909467.921301113
1830 -5757.97894652446 917984.707277142 912226.728330617
1840 -6662.42403156324 918191.770532824 911529.346501261
1850 -6725.60233225948 918730.26452702 912004.662194761
1860 -5528.31468035343 918833.739943757 913305.425263403
1870 -6505.11042156624 925066.617107641 918561.506686075
1880 -4495.78896742797 923638.474112488 919142.68514506
1890 -6171.47197222197 920540.656311712 914369.18433949
1900 -5412.14515111226 920532.740299188 915120.595148076
1910 -5473.61925681534 921383.01930187 915909.400045055
1920 -4891.80215513278 917744.100566081 912852.298410949
1930 -5742.57599409832 917447.8507574 911705.274763302
1940 -5436.49999508891 919213.101393431 913776.601398342
1950 -6072.37905410037 919797.751885585 913725.372831484
1960 -5440.08823240906 915507.021593448 910066.933361039
1970 -5652.87980188297 918230.465582842 912577.585780959
1980 -4962.46795610607 917353.617470599 912391.149514493
1990 -6362.06738774851 922644.946596141 916282.879208393
2000 -6358.52730882454 925624.51157164 919265.984262816
2010 -6533.54230245441 924666.017270154 918132.474967699
2020 -6771.93451026493 924071.933645351 917299.999135086
2030 -5134.20190412474 921828.790856903 916694.588952779
2040 -6451.95425728034 921674.710275634 915222.756018354
2050 -4955.1715121807 920817.146566471 915861.97505429
2060 -5191.59759473826 921799.54239595 916607.944801211
2070 -5881.92873197505 917491.778076827 911609.849344852
2080 -5313.72010765797 917212.662989564 911898.942881906
2090 -4962.93107249573 915226.36528047 910263.434207975
2100 -5631.49613723527 915510.7142438 909879.218106565
2110 -4787.20957093816 919134.364473946 914347.154903008
2120 -5704.30069667925 920083.982963567 914379.682266887
2130 -4909.68378061782 918781.540770294 913871.856989676
2140 -8524.92606478484 922368.516909325 913843.59084454
2150 -7746.6842677191 920226.690704626 912480.006436907
2160 -6618.22995621162 919220.817718166 912602.587761955
2170 -13408.9575015207 926239.823038398 912830.865536877
2180 -10185.3994245573 933285.04065618 923099.641231623
2190 -4765.44370352906 933219.058904556 928453.615201027
2200 -5603.64354973263 933046.617989647 927442.974439914
2210 -5671.77832862297 933347.692611713 927675.91428309
2220 -5961.77369446384 934102.66770047 928140.894006006
2230 -4940.92266927987 931360.638160557 926419.715491277
2240 -6973.11417063388 930264.735993557 923291.621822924
2250 -6973.66106422051 930586.280834595 923612.619770374
2260 -7758.69276764233 934382.398625403 926623.705857761
2270 -5335.00021139239 932863.613121088 927528.612909695
2280 -5526.78074984797 933753.699634446 928226.918884598
2290 -6797.63943377132 934397.433471573 927599.794037801
2300 -7391.81400614934 934237.596885558 926845.782879408
2310 -5492.13183278279 931187.125522729 925694.993689946
2320 -5331.26774255037 927978.585270413 922647.317527863
2330 -4987.62861005992 928336.506707803 923348.878097743
2340 -5625.096690511 930345.745620833 924720.648930322
2350 -4742.94945993525 931327.660097176 926584.71063724
2360 -5072.64495762522 930278.4643759 925205.819418275
2370 -4799.4596838089 932735.673632212 927936.213948404
2380 -6320.08833831762 933339.457094232 927019.368755914
2390 -5371.25396678481 932925.093269666 927553.839302881
2400 -5770.52073447275 932909.394269308 927138.873534835
2410 -5205.35402494904 936300.980359036 931095.626334087
2420 -5959.69595652895 936401.609623831 930441.913667302
2430 -5131.81346285959 936700.574234741 931568.760771881
2440 -4885.90637815562 937257.004276371 932371.097898216
2450 -5192.55177817932 935821.671803203 930629.120025024
2460 -5455.605748459 936821.586009651 931365.980261192
2470 -6076.72345305197 935641.137234349 929564.413781297
2480 -4896.03787861588 936337.332017707 931441.294139091
2490 -4923.5610379966 936299.941906964 931376.380868967
2500 -5576.32536976022 940063.772325014 934487.446955254
2510 -5151.68603741021 939381.530644435 934229.844607025
2520 -5481.158133809 944682.549997021 939201.391863212
2530 -5714.15437040105 944236.204486738 938522.050116337
2540 -5216.71970038077 947135.829514405 941919.109814024
2550 -6523.25223476965 944998.220637865 938474.968403095
2560 -5767.62574682574 942514.809784892 936747.184038066
2570 -6599.72311796078 940956.601952561 934356.8788346
2580 -6124.17492959951 942050.293963695 935926.119034096
2590 -5988.60742225108 940395.74117997 934407.133757719
2600 -5246.98058468678 943081.388714346 937834.408129659
2610 -5514.65510526249 945455.820542642 939941.165437379
2620 -5887.41585175482 944392.487246305 938505.071394551
2630 -5168.20100206499 946103.833059985 940935.63205792
2640 -5026.9084639725 947356.999720142 942330.09125617
2650 -6458.20443756448 945107.615361911 938649.410924347
2660 -4883.82434501821 940375.44474963 935491.620404612
2670 -6307.58677841455 940599.337260554 934291.75048214
2680 -5529.20614414176 939775.854524534 934246.648380392
2690 -5398.09863471621 934367.820720957 928969.722086241
2700 -5706.75840145716 932651.375062343 926944.616660886
2710 -6600.32582516904 933378.967896232 926778.642071063
2720 -4722.12756785942 936345.562170526 931623.434602666
2730 -5377.18786038797 936912.568081844 931535.380221456
2740 -5022.81820828614 931681.043937451 926658.225729165
2750 -6888.01483037929 933137.634768845 926249.619938466
2760 -6285.05423826242 932778.070745723 926493.016507461
2770 -6637.69693692731 935242.477807006 928604.780870079
2780 -5970.78702950028 933771.750020845 927800.962991345
2790 -4607.58845558775 936010.639257296 931403.050801708
2800 -6599.79815578987 938380.910073809 931781.111918019
2810 -5550.31802691158 939199.376871085 933649.058844173
2820 -5643.63456006973 941933.868484816 936290.233924747
2830 -6971.4683632889 941214.919223764 934243.450860475
2840 -6411.24633635734 936890.49311962 930479.246783262
2850 -4808.55293210088 934454.541902508 929645.988970408
2860 -5358.70398255419 933853.077567501 928494.373584947
2870 -5785.36487723296 935091.692052552 929306.327175319
2880 -5546.18796856093 935525.692613258 929979.504644697
2890 -5396.9538916955 936782.650109473 931385.696217777
2900 -5939.75398359704 937243.240186245 931303.486202648
2910 -7190.52181798454 935045.922268333 927855.400450349
2920 -4595.99158437879 933762.436558009 929166.44497363
2930 -5571.62961033686 936628.350057653 931056.720447316
2940 -6969.6254135906 938138.463101908 931168.837688317
2950 -7042.49444752145 940682.117024597 933639.622577076
2960 -5369.5461634679 938180.599912975 932811.053749507
2970 -5932.51967785092 937973.238123287 932040.718445436
2980 -6994.53486483759 938351.157612293 931356.622747455
2990 -5557.78963251051 937353.091815745 931795.302183235
3000 -7484.91535882057 942697.305865166 935212.390506345
3010 -4666.01930703218 943501.694971858 938835.675664826
3020 -6863.55092714545 946341.698909022 939478.147981877
3030 -6544.32098457772 944858.118599273 938313.797614695
3040 -5089.34068423838 948011.713501243 942922.372817005
3050 -4740.50767267746 945911.75382871 941171.246156033
3060 -6077.3732104113 945002.159020377 938924.785809966
3070 -5526.42175112215 948359.125932042 942832.70418092
3080 -5275.46844237981 946773.92084403 941498.45240165
3090 -5860.7660395839 948093.802500433 942233.036460849
3100 -6633.15196320931 947472.793531953 940839.641568743
3110 -5956.89717036553 948907.797440499 942950.900270133
3120 -4847.56345260163 949640.401139534 944792.837686932
3130 -5383.84547379963 953849.347318683 948465.501844883
3140 -6042.24235787797 954591.013879076 948548.771521198
3150 -5308.82421006967 951262.092883998 945953.268673928
3160 -5412.5197194574 953075.996768875 947663.477049417
3170 -5925.53121250511 955737.592959554 949812.061747049
3180 -5209.12443183499 955558.609629093 950349.485197258
3190 -5069.06196990519 958588.330816268 953519.268846363
3200 -7075.29059358264 959388.098301971 952312.807708388
3210 -5570.18931193973 957575.356933178 952005.167621238
3220 -5427.51992341892 958124.902086583 952697.382163164
3230 -5492.42224028057 955233.964688212 949741.542447932
3240 -6790.27621357354 953766.066385902 946975.790172328
3250 -6881.07129719129 956305.03832022 949423.967023028
3260 -5574.53483031569 954234.743893199 948660.209062883
3270 -5889.85397709272 957479.364387131 951589.510410038
3280 -5779.05791175911 955380.499107705 949601.441195946
3290 -6693.05681445471 954389.165041399 947696.108226944
3300 -7004.34754661419 955253.107112206 948248.759565592
3310 -7627.82612040502 954367.749857337 946739.923736932
3320 -4751.71603240792 952180.417600739 947428.701568331
3330 -5017.78505365636 951498.757852343 946480.972798687
3340 -6265.05068732229 950032.726048801 943767.675361479
3350 -6168.36471910747 948759.55970071 942591.194981602
3360 -6304.38690912742 949221.084949199 942916.698040072
3370 -6129.86948957248 943599.855894047 937469.986404474
3380 -6273.40973833253 943573.099549443 937299.689811111
3390 -4988.8178767183 943561.26710058 938572.449223862
3400 -7891.39839886207 944960.175027685 937068.776628823
3410 -6031.30814514805 946896.761217128 940865.45307198
3420 -5507.70506816683 944959.19921616 939451.494147993
3430 -6434.85856166005 943340.897831647 936906.039269987
3440 -5539.34541303161 946203.899913735 940664.554500703
3450 -4855.20920953877 943585.267166059 938730.05795652
3460 -5652.5147659202 944230.817539653 938578.302773732
3470 -4776.8349161348 942811.5722361 938034.737319965
3480 -6230.13875504262 941586.084223954 935355.945468911
3490 -5893.73111328659 941255.388123373 935361.657010086
3500 -5771.34012658438 942265.374785403 936494.034658818
3510 -6181.14883895717 942001.93884459 935820.790005632
3520 -5161.36884544736 938764.345720863 933602.976875416
3530 -6101.29794991694 941104.355766688 935003.057816771
3540 -5166.15531006026 941221.262352188 936055.107042127
3550 -5365.84425042222 940543.57787593 935177.733625508
3560 -5957.41644105459 941312.29444632 935354.878005265
3570 -5527.23168243353 938726.054944796 933198.823262362
3580 -4652.21076790108 934101.276835411 929449.06606751
3590 -6895.84831251667 935780.850512862 928885.002200345
3600 -5304.14338284085 938213.383673888 932909.240291047
3610 -6241.51785325812 939282.995351504 933041.477498246
3620 -5364.94926752384 940501.086717516 935136.137449992
3630 -4668.2789890789 941016.281792245 936348.002803166
3640 -5810.73540560674 943647.534311582 937836.798905976
3650 -6025.75277852627 945035.408741171 939009.655962645
3660 -5285.49764634379 940853.520623534 935568.022977191
3670 -6115.88911835882 941559.189815087 935443.300696729
3680 -8198.12405585907 947127.80009086 938929.676035001
3690 -4822.86427161013 944383.293428918 939560.429157308
3700 -5382.85325247412 940562.756136434 935179.90288396
3710 -4537.37726737465 938411.192866265 933873.81559889
3720 -5921.92231145466 938609.999448033 932688.077136578
3730 -5555.27473259511 938173.647093817 932618.372361222
3740 -4677.52061442207 939547.712306017 934870.191691595
3750 -4852.57120900498 939263.991414286 934411.420205281
3760 -5397.16374703347 940507.299234758 935110.135487724
3770 -5781.62731291228 940758.689415212 934977.0621023
3780 -4531.69108543096 941573.761381825 937042.070296394
3790 -5076.99693475558 942283.038133692 937206.041198937
3800 -4580.59870951987 946903.480963008 942322.882253488
3810 -4799.01239199436 942829.346318422 938030.333926427
3820 -8892.33533694152 945319.980436494 936427.645099553
3830 -7161.46459468744 947642.284615294 940480.820020607
3840 -5472.98406200922 946879.670099791 941406.686037782
3850 -5522.18895651198 946121.936495969 940599.747539457
3860 -4166.13669834486 944250.199738623 940084.063040278
3870 -4402.195592318 946271.988491584 941869.792899266
3880 -5359.11544681458 947196.515693105 941837.40024629
3890 -5899.52430439379 947130.398569188 941230.874264794
3900 -7555.55799126863 945109.927118738 937554.369127469
3910 -5002.40706449949 941685.250176392 936682.843111892
3920 -4986.26236455457 940587.971823142 935601.709458587
3930 -5929.6189366885 943039.396708168 937109.77777148
3940 -6693.03791631212 940941.119836406 934248.081920094
3950 -5134.98671769463 943440.611487475 938305.62476978
3960 -5774.03650257039 941682.47519737 935908.438694799
3970 -5349.74529204491 948252.445606878 942902.700314833
3980 -4605.32256922891 950985.302370537 946379.979801308
3990 -5069.62545879496 950210.933505236 945141.308046441
4000 -5204.15577291148 948528.143772343 943323.987999431
4010 -6862.46137730139 949131.043209022 942268.58183172
4020 -5559.43218874844 944687.453051376 939128.020862627
4030 -5444.84531927189 943749.842576344 938304.997257072
4040 -5292.79235998322 944609.471069528 939316.678709544
4050 -6551.92227982417 944627.623673966 938075.701394142
4060 -5429.51743542855 946109.207309842 940679.689874413
4070 -6263.3095847369 943672.14547166 937408.835886923
4080 -6021.05210933764 943559.634509199 937538.582399861
4090 -8742.50967052229 945670.067472272 936927.557801749
4100 -6212.0413938721 946725.18099382 940513.139599947
4110 -5688.74554617056 944654.077287523 938965.331741352
4120 -5018.12628787792 945703.429010108 940685.30272223
4130 -4096.95940188138 943274.452346885 939177.492945004
4140 -4864.59808294206 946041.881529897 941177.283446955
4150 -4836.7757631297 949445.999146657 944609.223383527
4160 -5029.21650864049 951542.44215805 946513.225649409
4170 -7036.92264350149 954167.633419041 947130.710775539
4180 -4791.23934635743 952945.887783925 948154.648437567
4190 -5752.23228019165 955801.702917128 950049.470636936
4200 -6482.1657965023 956857.85893816 950375.693141658
4210 -4993.80752400316 953780.868515123 948787.06099112
4220 -7796.75449178712 957486.117604771 949689.363112983
4230 -5406.91611600981 956828.863339624 951421.947223614
4240 -6047.85633903728 951667.121800446 945619.265461409
4250 -5797.41724806928 954755.668400228 948958.251152158
4260 -6507.58578044261 955989.702665854 949482.116885411
4270 -6118.02219314158 957055.55052109 950937.528327949
4280 -5294.18637013092 955827.972531786 950533.786161655
4290 -7303.56340711111 957540.29933999 950236.735932879
4300 -8142.21390198517 957993.261196853 949851.047294868
4310 -5315.56106138283 956312.614148287 950997.053086904
4320 -6260.92407095772 954658.725982323 948397.801911365
4330 -5189.10976032645 952692.820911475 947503.711151148
4340 -4835.94544459377 950301.9985096 945466.053065007
4350 -5337.3083576618 951247.930435028 945910.622077366
4360 -5473.65323472925 947371.49195693 941897.838722201
4370 -6146.55617620734 947944.716435848 941798.16025964
4380 -6434.07948027297 948709.388169167 942275.308688894
4390 -5005.56830551832 948465.260057476 943459.691751958
4400 -7118.40324761247 948194.832362565 941076.429114952
4410 -5566.08498594421 943478.910930812 937912.825944868
4420 -6620.03835494317 942104.630016145 935484.591661202
4430 -5112.02902598331 940322.291317599 935210.262291615
4440 -5655.60438745064 937367.387350726 931711.782963275
4450 -8249.83643033804 937213.198877641 928963.362447303
4460 -5702.80693637673 934013.141139427 928310.33420305
4470 -5481.78841275705 934840.006708448 929358.218295691
4480 -5589.52103796523 932960.899868184 927371.378830219
4490 -6042.9325509134 929542.127438037 923499.194887123
4500 -5806.01673597273 928920.50818872 923114.491452747
4510 -4648.21854716253 928110.874251129 923462.655703967
4520 -4782.06505519146 932288.450156371 927506.38510118
4530 -5588.71887962716 933846.08662976 928257.367750132
4540 -5464.86370340594 932705.322496256 927240.45879285
4550 -5780.73178481298 931463.919326827 925683.187542014
4560 -5618.58781637918 930791.151132709 925172.563316329
4570 -4798.94889615339 929561.255933489 924762.307037336
4580 -6366.38724597401 934703.727004002 928337.339758028
4590 -6584.46990464784 943201.906838577 936617.43693393
4600 -5486.840552036 943386.922188958 937900.081636922
4610 -5764.52557634792 945434.791584374 939670.266008026
4620 -5291.43263984925 946483.01401747 941191.581377621
4630 -5961.83846469866 948070.747334921 942108.908870222
4640 -5485.96513221616 948563.097344114 943077.132211898
4650 -5961.05926374048 950515.682471027 944554.623207286
4660 -6681.65701160314 951463.579092888 944781.922081284
4670 -5793.3337704845 953450.27059919 947656.936828706
4680 -6065.55771499071 951982.208604924 945916.650889933
4690 -4702.97902681633 952329.405829213 947626.426802397
4700 -6186.49986282764 953639.513574582 947453.013711755
4710 -6467.63996062844 956899.680735305 950432.040774677
4720 -5044.8363650698 955603.569556674 950558.733191604
4730 -5548.50967864497 957813.610977991 952265.101299346
4740 -5401.86159279723 958254.344314021 952852.482721224
4750 -5766.46950382581 960042.949474007 954276.479970181
4760 -5040.70088512612 959709.626821473 954668.925936347
4770 -9344.60476583342 964364.369192449 955019.764426615
4780 -6612.61619749908 963876.216186205 957263.599988706
4790 -5325.44821973732 962583.37946511 957257.931245373
4800 -5708.21179181914 961036.88646912 955328.674677301
4810 -5342.16290485954 955414.594382363 950072.431477503
4820 -5806.8598806548 953566.12483693 947759.264956275
4830 -5189.67541182844 954924.140020732 949734.464608904
4840 -7358.46904864805 957675.112173164 950316.643124516
4850 -5486.45499686066 955376.359862809 949889.904865949
4860 -6148.8935045357 953978.312195217 947829.418690681
4870 -6171.82696635401 952216.336941314 946044.50997496
4880 -6920.90085289819 954322.022187572 947401.121334674
4890 -6467.86471221207 958544.960453001 952077.095740789
4900 -5605.17648334816 953534.785053298 947929.60856995
4910 -5408.64183883041 953777.250860812 948368.609021982
4920 -5245.77548739584 954005.307086679 948759.531599283
4930 -5916.35397641326 951967.43747039 946051.083493977
4940 -5134.12186986286 953253.425137515 948119.303267652
4950 -5208.49778978143 951899.69571245 946691.197922669
4960 -8442.84526741342 957068.702110514 948625.8568431
4970 -5729.33728286125 953939.759569986 948210.422287125
4980 -5863.50887355447 956115.752954165 950252.24408061
4990 -5653.9758155957 952959.788591712 947305.812776117
5000 -5966.48980722415 952755.510086761 946789.020279537
5010 -5954.89081521109 955309.789490427 949354.898675216
5020 -6814.2122164997 957074.671187906 950260.458971406
5030 -9707.13277219443 957158.261042378 947451.128270184
5040 -6329.20358645586 954308.776386598 947979.572800142
5050 -8388.76619934686 957977.467312672 949588.701113325
5060 -7932.30605103939 959904.628078933 951972.322027894
5070 -5257.54946861648 956151.161934112 950893.612465495
5080 -7268.84032846984 958002.653690292 950733.813361822
5090 -5575.52070264995 956158.457278158 950582.936575508
5100 -6166.78612343603 956089.781629562 949922.995506126
5110 -5519.93546491171 956214.055268929 950694.119804017
5120 -5197.08656842912 955412.254891525 950215.168323096
5130 -4763.30584845434 956471.824009198 951708.518160743
5140 -6643.30723043162 960318.183661251 953674.87643082
5150 -5739.71456498425 959808.118428375 954068.403863391
5160 -5816.07210830768 959053.297064589 953237.224956281
5170 -5173.25901119952 961253.591188167 956080.332176967
5180 -4781.7300823325 962368.273021267 957586.542938934
5190 -5122.2373559153 962895.194940845 957772.95758493
5200 -5213.76970852919 962038.124790706 956824.355082176
5210 -5197.65739404469 963002.484553181 957804.827159137
5220 -5908.73285764661 965546.628232332 959637.895374685
5230 -5898.39768169902 963828.175060193 957929.777378494
5240 -5888.18339418363 965158.071924184 959269.88853
5250 -5277.0798941169 964868.177077255 959591.097183138
5260 -6691.9359160483 960846.575130851 954154.639214802
5270 -5477.65574410012 963030.282359218 957552.626615118
5280 -5737.16222600493 961232.87658026 955495.714354255
5290 -6605.79682581026 964682.110397723 958076.313571913
5300 -5105.66231782781 961857.701291513 956752.038973686
5310 -5764.89277257898 963680.848610521 957915.955837942
5320 -6468.64921733479 963217.418668221 956748.769450886
5330 -6140.72951718215 960473.433869631 954332.704352449
5340 -5595.12381116423 956354.613097212 950759.489286047
5350 -6082.87038677227 959747.321058156 953664.450671383
5360 -5137.20383268618 959237.370183359 954100.166350673
5370 -6354.50524617435 957965.833510944 951611.328264769
5380 -5796.67005187899 959426.272648262 953629.602596382
5390 -5704.08185262103 958714.490445376 953010.408592755
5400 -5675.83360441836 958468.872938809 952793.039334391
5410 -6639.32774294382 961234.310316166 954594.982573223
5420 -6247.30785161249 959467.648949013 953220.341097401
5430 -5457.5197331302 959443.152413449 953985.632680319
5440 -5871.42170910049 960999.155550174 955127.733841074
5450 -6735.9157679203 960007.539865827 953271.624097907
5460 -6010.92178192578 959965.160268026 953954.2384861
5470 -6384.37267322622 958749.360335461 952364.987662235
5480 -6865.80834478777 956603.598812334 949737.790467547
5490 -4711.84744205296 957648.928928146 952937.081486093
5500 -5442.58055613227 956434.878193913 950992.297637781
5510 -6191.58129321271 957295.204000227 951103.622707014
5520 -6029.59843577496 954339.108621051 948309.510185276
5530 -6831.36687956974 955836.46039001 949005.093510441
5540 -6654.70706368799 955818.182234806 949163.475171118
5550 -6671.13911604665 956128.666223843 949457.527107797
5560 -5228.93810631079 954787.715606683 949558.777500372
5570 -5932.28492816044 954863.21421759 948930.929289429
5580 -5323.94202889811 955909.33545094 950585.393422042
5590 -5465.77426758843 954656.259453801 949190.485186212
5600 -5292.51102864219 951819.044242891 946526.533214248
5610 -6080.42327337409 950715.519716407 944635.096443033
5620 -6417.72714990431 948639.74585487 942222.018704966
5630 -5642.63585366726 948131.453071767 942488.8172181
5640 -5227.74139800226 945158.541173063 939930.799775061
5650 -5126.53151396901 943003.657323214 937877.125809245
5660 -5443.95915833407 945259.343653913 939815.384495579
5670 -5634.39397225395 947208.39802868 941574.004056426
5680 -6591.25965397924 950354.05218489 943762.792530911
5690 -5038.01742240504 949683.370508956 944645.353086551
5700 -6137.87915489234 953137.218477041 946999.339322149
5710 -4570.69819571021 950686.735638077 946116.037442366
5720 -6733.9315069263 951044.412247314 944310.480740388
5730 -5525.79591887671 950562.869882456 945037.073963579
5740 -6202.5796778171 948280.614549443 942078.034871626
5750 -6160.25239777591 948399.517312017 942239.264914241
5760 -5759.51476631906 947487.898122066 941728.383355747
5770 -5260.74902248597 947118.81676262 941858.067740134
5780 -6037.58845641313 950996.667727186 944959.079270773
5790 -5597.24599555682 947804.612619472 942207.366623915
5800 -5922.07563956598 952895.599126779 946973.523487213
5810 -5292.85288067535 949856.526889297 944563.674008621
5820 -6255.99378712654 949763.796658332 943507.802871205
5830 -6650.545358943 951093.282508549 944442.737149606
5840 -5000.58502254693 951399.6662392 946399.081216653
5850 -5433.77871843798 952734.695131691 947300.916413253
5860 -5751.53256050516 952190.747252303 946439.214691798
5870 -5373.8454141847 952400.120900052 947026.275485868
5880 -5489.60791238781 953378.782879682 947889.174967294
5890 -4801.15694045911 953692.197223671 948891.040283212
5900 -5452.54249324961 953277.75718314 947825.21468989
5910 -6249.35358836249 952413.519812336 946164.166223973
5920 -5445.59012519036 950067.168020509 944621.577895318
5930 -5104.36129025038 950552.053886065 945447.692595815
5940 -4813.81989333884 955823.272477429 951009.45258409
5950 -5091.16758752805 956678.395960651 951587.228373123
5960 -5336.84971642117 958257.889969674 952921.040253252
5970 -6136.28552745542 958307.414989265 952171.129461809
5980 -6725.02703620228 959021.618578837 952296.591542635
5990 -7000.78471412382 959254.054722153 952253.270008029
6000 -8493.14536381733 956381.303412315 947888.158048497
6010 -5341.0169446541 956415.819384169 951074.802439515
6020 -5963.09414003842 961774.721034285 955811.626894247
6030 -5964.18598546371 962718.612378833 956754.426393369
6040 -5281.93045682328 960597.378953015 955315.448496192
6050 -5861.61602467611 959402.736972548 953541.120947871
6060 -6720.98636224064 956213.951138215 949492.964775974
6070 -5639.1179051869 952700.861229629 947061.743324442
6080 -5409.11184389206 949137.362109003 943728.250265111
6090 -5705.8248390666 951746.321979046 946040.497139979
6100 -6898.03477627399 955077.79392328 948179.759147006
6110 -5419.16107664416 955686.496408845 950267.335332201
6120 -5523.28687582426 954760.424388409 949237.137512585
6130 -5134.03155849072 953786.903911899 948652.872353408
6140 -7188.56114650753 955488.120445361 948299.559298853
6150 -6601.80192145428 951410.177231802 944808.375310348
6160 -4980.60149643134 954728.489468356 949747.887971925
6170 -5893.16227554563 954974.155054977 949080.992779432
6180 -4835.33973706432 954551.379447495 949716.03971043
6190 -6353.67077770956 955938.750663672 949585.079885962
6200 -6034.0470748116 957436.974252827 951402.927178015
6210 -5230.11551769812 955418.633139659 950188.517621961
6220 -6937.91738720754 954473.254221724 947535.336834516
6230 -4856.40132165789 952410.638176815 947554.236855157
6240 -5484.96836245673 949879.399611901 944394.431249444
6250 -5844.53436574501 948563.335980596 942718.801614851
6260 -6032.52947578206 953666.309567241 947633.780091459
6270 -5204.54129104807 954567.310694986 949362.769403938
6280 -5284.88148683922 956870.413905066 951585.532418227
6290 -6317.28689332851 958162.049412815 951844.762519487
6300 -7470.23766429855 957847.157311324 950376.919647026
6310 -5770.80043629087 955674.658706009 949903.858269718
6320 -5312.5137111983 955903.307367634 950590.793656435
6330 -4851.61632063401 958568.165297544 953716.54897691
6340 -6210.46200319881 963865.960258252 957655.498255053
6350 -6536.10413915204 964745.236464479 958209.132325327
6360 -4399.98517277274 963480.731845674 959080.746672901
6370 -7965.50008624919 964928.188140417 956962.688054168
6380 -5582.7215381498 964286.632313535 958703.910775386
6390 -4786.09368437863 964138.914360314 959352.820675935
6400 -5181.07851079447 966219.984983088 961038.906472294
6410 -7385.71712657265 964365.420170486 956979.703043914
6420 -6267.2171695035 963453.031473209 957185.814303706
6430 -5423.59573919784 965885.541985379 960461.946246181
6440 -4441.07665569906 963875.473152878 959434.396497178
6450 -6444.04411649716 968125.319814251 961681.275697754
6460 -6838.81318597099 972635.907060842 965797.093874871
6470 -5263.13762205177 970335.060310431 965071.92268838
6480 -5365.90383585504 969830.59504544 964464.691209585
6490 -6263.4669758074 972992.887805034 966729.420829226
6500 -4957.97434326633 970296.417044067 965338.4427008
6510 -5931.44602723873 974018.71830543 968087.272278191
6520 -6032.33163566775 975129.055390444 969096.723754777
6530 -6018.26993613211 977329.084233221 971310.814297089
6540 -7914.36009519235 979900.835006088 971986.474910895
6550 -5601.5599906193 977533.980459879 971932.420469259
6560 -6003.49627958591 978268.741944636 972265.24566505
6570 -7145.03779280484 979222.30800718 972077.270214375
6580 -7031.67077133104 974347.629451116 967315.958679785
6590 -6092.38761925139 972723.991897439 966631.604278188
6600 -5620.63180979027 976300.539134769 970679.907324979
6610 -5363.65797264284 977285.407829115 971921.749856472
6620 -5306.6690932526 978910.554667118 973603.885573866
6630 -6966.02682163444 980655.61095361 973689.584131976
6640 -5289.97936451473 978933.146822605 973643.167458091
6650 -5863.69683786569 987067.7297474 981204.032909534
6660 -5041.16861301881 986163.893545597 981122.724932578
6670 -5804.6071990011 987487.230894972 981682.623695971
6680 -5225.30831121348 983961.477799025 978736.169487811
6690 -5101.71680431784 981697.690803942 976595.973999624
6700 -4713.66874286904 982258.989568772 977545.320825903
6710 -6210.29456417323 983201.332925901 976991.038361728
6720 -4724.47300469508 981031.363469217 976306.890464522
6730 -5363.53211552203 981776.317673081 976412.785557559
6740 -4674.28619975004 975716.529809412 971042.243609662
6750 -5446.03014216656 975520.275211282 970074.245069116
6760 -4886.766283307 976348.015296785 971461.249013478
6770 -5744.87873454834 971912.139322279 966167.260587731
6780 -5435.67136758979 971452.057820801 966016.386453211
6790 -5179.52538049363 967907.695884122 962728.170503629
6800 -6808.15672576461 969437.544526778 962629.387801013
6810 -5401.37355580845 969902.15789234 964500.784336531
6820 -8363.66783772421 970583.832207798 962220.164370074
6830 -6513.22318978933 970290.385930576 963777.162740787
6840 -5986.08683746728 969940.535445691 963954.448608224
6850 -6288.76619008259 972627.181907 966338.415716917
6860 -6001.41008329701 974010.789170504 968009.379087207
6870 -4748.67185422003 969526.144645881 964777.472791662
6880 -4770.67550528844 968824.021930618 964053.34642533
6890 -5667.23860078938 972259.981598866 966592.742998076
6900 -4859.61547030503 973727.074522154 968867.459051849
6910 -5450.55469585808 973129.6326479 967679.077952042
6920 -7012.28912726771 973700.207769773 966687.918642506
6930 -7634.83213240425 973599.434931658 965964.602799254
6940 -5198.58457972905 970270.8032617 965072.218681971
6950 -6392.28706683838 967823.902722604 961431.615655765
6960 -5605.20202864984 966714.655590174 961109.453561525
6970 -4600.94518259583 965008.870543127 960407.925360531
6980 -6513.54387333443 972000.527683252 965486.983809918
6990 -5694.98629866009 972191.151301006 966496.165002346
7000 -6441.9366354539 973383.499827615 966941.563192161
7010 -4757.98162658254 971083.946476166 966325.964849583
7020 -5687.11848308676 971913.869673476 966226.75119039
7030 -4250.0572862221 969268.838072894 965018.780786672
7040 -5415.8016590004 969562.699544074 964146.897885074
7050 -5957.03012566469 972755.674035803 966798.643910139
7060 -5833.73560354994 970345.943084183 964512.207480633
7070 -6920.01962424858 973156.460223565 966236.440599316
7080 -5130.2471107137 971972.994828604 966842.74771789
7090 -5227.84596060198 974048.491236051 968820.645275449
7100 -5696.042910292 972760.069103423 967064.026193131
7110 -4787.19090977101 974586.837365841 969799.64645607
7120 -5384.65085498603 975708.779760489 970324.128905503
7130 -6589.96314371245 976846.112494213 970256.1493505
7140 -6441.57586091221 981028.666011653 974587.09015074
7150 -5621.33751270825 976730.461176621 971109.123663913
7160 -5808.8454094557 978505.621447645 972696.77603819
7170 -5148.45005058127 977392.618831632 972244.168781051
7180 -5163.2475327441 975315.129970007 970151.882437263
7190 -5145.46092160484 973542.359511364 968396.89858976
7200 -5710.66943693709 974000.487783596 968289.818346659
7210 -7202.27948086364 972195.572254554 964993.292773691
7220 -6604.4528499399 977072.566106118 970468.113256178
7230 -4534.1847182928 976369.200919588 971835.016201295
7240 -5050.14396324215 980219.053864913 975168.909901671
7250 -4851.99513968006 981589.446113281 976737.450973601
7260 -5078.58596062941 982345.351064184 977266.765103555
7270 -5283.54206220966 983723.618084337 978440.076022127
7280 -6219.4828311556 983586.678032557 977367.195201401
7290 -5633.62411162502 983943.413253339 978309.789141714
7300 -4709.08163557898 985097.264055084 980388.182419505
7310 -9398.61820262188 988279.608432754 978880.990230132
7320 -5250.18877525905 984026.039062652 978775.850287393
7330 -5413.29469764046 985769.541372896 980356.246675256
7340 -4906.16292709399 988025.412578908 983119.249651814
7350 -8038.39351391331 992103.894855609 984065.501341696
7360 -6686.19789644024 990098.078207529 983411.880311089
7370 -5414.39200721324 984829.8796428 979415.487635587
7380 -5081.18211895542 980997.923523776 975916.741404821
7390 -4584.08060411833 978568.833349496 973984.752745377
7400 -7036.88351360734 981014.395076197 973977.51156259
7410 -6002.73525288507 978874.410170758 972871.674917873
7420 -5419.79476690439 978139.062874807 972719.268107903
7430 -5333.36566194206 980204.072576161 974870.706914219
7440 -6415.86520318215 988613.868010219 982198.002807037
7450 -5464.32429254808 987657.374308096 982193.050015548
7460 -4744.33657592061 987813.617850763 983069.281274842
7470 -6444.2368042721 990227.380662753 983783.143858481
7480 -5641.75805589637 989049.776856977 983408.018801081
7490 -4550.2117416895 990083.901566031 985533.689824341
7500 -5089.26646630784 995866.507935301 990777.241468993
7510 -7410.20327252742 999044.51259628 991634.309323753
7520 -6356.09326950282 999268.16332004 992912.070050537
7530 -5720.54665721904 999791.967066344 994071.420409125
7540 -5513.26598837769 1002398.41822294 996885.152234561
7550 -6062.80027625056 999566.391217579 993503.590941328
7560 -6762.33246484746 1002227.98445727 995465.651992426
7570 -5020.15680586331 1001374.88873952 996354.731933653
7580 -5879.65029122656 1002369.50069989 996489.850408659
7590 -4434.73126140098 997420.444270457 992985.713009056
7600 -4923.59311989672 997233.471312539 992309.878192642
7610 -5279.04304543024 996771.44970405 991492.40665862
7620 -5535.14964782633 997803.912637649 992268.762989823
7630 -6649.59760168704 999382.133817816 992732.536216129
7640 -5321.58744160528 998438.914034576 993117.326592971
7650 -5164.56006728699 1000803.47924719 995638.919179899
7660 -5244.25449017745 999248.553181066 994004.298690888
7670 -7309.62173979394 1003546.53961436 996236.917874571
7680 -5532.50745361841 998669.086199328 993136.57874571
7690 -5200.14272844949 996610.911338555 991410.768610105
7700 -5624.69179517792 996247.289300465 990622.597505287
7710 -6469.41399751322 995110.710896629 988641.296899116
7720 -6666.60969193782 994305.63206364 987639.022371702
7730 -5671.39754289718 1002256.10577111 996584.708228212
7740 -5267.66593874826 999879.888660929 994612.222722181
7750 -5386.35222154985 1002684.76336352 997298.411141973
7760 -6923.52596141433 1004865.54652493 997942.020563519
7770 -5107.64999883456 1010254.07530418 1005146.42530534
7780 -4799.69231206668 1011044.97496676 1006245.28265469
7790 -6249.27504156889 1013599.74166952 1007350.46662795
7800 -5857.80905722261 1011822.08536867 1005964.27631145
7810 -4952.06673520888 1010824.66874327 1005872.60200807
7820 -4546.08601250223 1006709.12959216 1002163.04357965
7830 -6189.98930859752 1006742.57191197 1000552.58260337
7840 -7160.75892288675 1006430.43587562 999269.676952731
7850 -5405.41518706269 1003587.99107687 998182.575889805
7860 -5208.95687017354 1002244.5906956 997035.63382543
7870 -5673.08844651684 1004869.56492346 999196.476476941
7880 -5549.27755833301 1003050.56691571 997501.289357375
7890 -7290.77153769558 1000851.64788998 993560.876352281
7900 -5402.71514304468 1001482.34008112 996079.624938073
7910 -6241.81810892188 1001888.27196894 995646.453860022
7920 -6361.01129261973 1002906.50115749 996545.489864868
7930 -5118.99544591699 1002908.84771652 997789.852270599
7940 -6078.11403144523 1005105.76589311 999027.651861668
7950 -6665.44370286768 1006055.93990099 999390.496198125
7960 -5834.79686161738 1006512.5839644 1000677.78710278
7970 -7035.27422247175 1006698.60554038 999663.331317913
7980 -5065.10624057826 1004910.89665276 999845.79041218
7990 -5727.45733205293 1005802.55123234 1000075.09390029
8000 -6262.07568690679 1005800.39480184 999538.319114933
8010 -6630.60315521708 1005185.85633604 998555.253180823
8020 -6591.98698988594 1005526.84712938 998934.860139496
8030 -5262.10022299133 1004464.09214668 999201.991923686
8040 -4485.80692755217 1005610.20687933 1001124.39995178
8050 -5986.30506960718 1002075.51170052 996089.20663091
8060 -5553.99972420106 1000412.59000398 994858.590279775
8070 -5604.39977984008 998500.928917477 992896.529137637
8080 -5073.42478882219 1002704.78854992 997631.363761096
8090 -5396.75151253651 1001434.12003937 996037.36852683
8100 -6965.68049999818 1002399.05092456 995433.370424564
8110 -5434.15312011223 1004661.6259301 999227.472809984
8120 -5572.86520894987 1008609.76197059 1003036.89676164
8130 -4855.21238811452 1008906.65785367 1004051.44546555
8140 -5993.89987063828 1008190.27994261 1002196.38007197
8150 -5714.18862640987 1008078.14850108 1002363.95987467
8160 -5479.64312856002 1008035.97370052 1002556.33057196
8170 -5680.42625684694 1007174.60332102 1001494.17706417
8180 -5486.63842805512 1006708.31447713 1001221.67604908
8190 -5353.28507637927 1003450.59078529 998097.30570891
8200 -5929.52156117458 1002797.54347358 996868.021912401
8210 -6605.820760897 1001820.95400907 995215.133248177
8220 -5038.96734494553 999685.88172416 994646.914379215
8230 -5830.09972188358 1004186.84478298 998356.745061094
8240 -5594.75524429592 1006644.46039598 1001049.70515169
8250 -5712.23615681887 1011770.40213217 1006058.16597535
8260 -4544.89061244954 1005137.69396177 1000592.80334932
8270 -4714.55585922371 1005149.08565707 1000434.52979785
8280 -5820.16970135938 1005890.01538625 1000069.84568489
8290 -5366.19612922799 1005543.30332457 1000177.10719535
8300 -5969.56944723816 1003959.98233856 997990.412891323
8310 -5875.85267227757 1005026.05759956 999150.204927286
8320 -5820.73042879102 1003678.59231535 997857.861886561
8330 -5853.40057703477 1004176.63592546 998323.23534843
8340 -5564.1244121781 1006330.06339514 1000765.93898297
8350 -4870.44882189093 1004539.69377095 999669.24494906
8360 -6236.70669332335 1004455.25187651 998218.545183186
8370 -6541.52552742299 1008501.94904879 1001960.42352136
8380 -5418.45928262044 1004792.78705435 999374.327771729
8390 -5207.12841702069 1002889.3742001 997682.245783083
8400 -5774.91605373575 1006168.61354896 1000393.69749522
8410 -5490.21179622245 1005925.51369986 1000435.30190364
8420 -6446.78009924633 1006569.57805979 1000122.79796054
8430 -5378.83670543583 1005486.84472416 1000108.00801873
8440 -4898.35565027605 1001042.65179643 996144.296146156
8450 -5038.00764383177 1002252.98771664 997214.980072813
8460 -5502.17635099016 1003198.75932808 997696.582977088
8470 -4395.69908037231 1002845.32125204 998449.622171666
8480 -6696.6282974619 1004544.14772181 997847.519424347
8490 -5702.42560931461 1006181.17392626 1000478.74831694
8500 -6167.89202998297 1006272.1606345 1000104.26860452
8510 -7112.59638965531 1005270.52943013 998157.933040474
8520 -4395.71989742871 998083.76647063 993688.046573201
8530 -6376.5537857427 1002625.47312506 996248.919339315
8540 -5823.55773362097 1002214.0588589 996390.501125279
8550 -5650.68428760101 1001927.39879815 996276.714510544
8560 -5721.84614744548 1003843.8486872 998122.002539751
8570 -5343.35058839779 1006262.81770267 1000919.46711427
8580 -6227.17151006797 1007906.64138595 1001679.46987588
8590 -5048.43997977968 1004907.44511841 999859.005138632
8600 -5546.11415276462 1011020.09594342 1005473.98179066
8610 -5407.97411730418 1006028.15957139 1000620.18545408
8620 -5644.77221225791 1008355.01383289 1002710.24162063
8630 -5384.65251465728 1011602.9214715 1006218.26895685
8640 -5087.84445481695 1014673.13598384 1009585.29152902
8650 -6387.45119936183 1014400.4169161 1008012.96571674
8660 -5958.63095244661 1012087.40866074 1006128.7777083
8670 -4558.10989835192 1010489.22534996 1005931.11545161
8680 -5491.85928571562 1012193.19789731 1006701.3386116
8690 -6330.88803117763 1017003.78020338 1010672.8921722
8700 -5737.90709496545 1014205.79223967 1008467.8851447
8710 -5514.60383825499 1017559.03220249 1012044.42836424
8720 -5031.56691318937 1013137.05442707 1008105.48751388
8730 -5883.13869832158 1014402.90551267 1008519.76681435
8740 -4667.37018170668 1013461.82461557 1008794.45443387
8750 -6049.39347480423 1012006.07994934 1005956.68647454
8760 -5497.54447528296 1008787.77221908 1003290.2277438
8770 -4503.29058649619 1010161.79540351 1005658.50481701
8780 -6254.92081240308 1014079.1202706 1007824.19945819
8790 -5489.43133992055 1013021.96126154 1007532.52992162
8800 -5480.70348942988 1012194.54713133 1006713.8436419
8810 -6081.41147157416 1017247.57691784 1011166.16544626
8820 -5426.83531613805 1017433.14896206 1012006.31364592
8830 -5716.69065315382 1018763.96528074 1013047.27462758
8840 -6616.92043737461 1015981.68006686 1009364.75962949
8850 -5291.59776220393 1013490.16607801 1008198.56831581
8860 -5959.26306985755 1014521.71482306 1008562.45175321
8870 -4586.90322943306 1016969.88087023 1012382.97764079
8880 -5050.01257066989 1019494.65978044 1014444.64720977
8890 -6377.67547645842 1018637.21447932 1012259.53900286
8900 -6391.33932639172 1016974.39557161 1010583.05624522
8910 -5298.50519445055 1015856.24017775 1010557.7349833
8920 -5063.88794607517 1018704.75984874 1013640.87190267
8930 -4794.48186409473 1020541.75862258 1015747.27675849
8940 -5289.97159163193 1022073.11182498 1016783.14023334
8950 -5244.030780966 1022253.26268418 1017009.23190321
8960 -4995.06185043348 1026108.18934262 1021113.12749218
8970 -6701.17004253954 1028891.32817154 1022190.158129
8980 -5292.75042007509 1030595.08557759 1025302.33515752
8990 -5550.72300656634 1025560.64082857 1020009.917822
9000 -5857.19977760088 1024052.80096933 1018195.60119173
9010 -6388.63800091705 1024055.47593124 1017666.83793032
9020 -5352.84588325075 1020115.94075663 1014763.09487338
9030 -5870.67796389558 1020285.97966797 1014415.30170407
9040 -5898.78385252238 1016753.88850177 1010855.10464924
9050 -5365.8399616872 1016938.04090795 1011572.20094626
9060 -5987.81475544595 1016412.07747478 1010424.26271934
9070 -6051.7992302224 1017678.07513745 1011626.27590723
9080 -5253.36699820483 1015564.9575526 1010311.5905544
9090 -5969.32613788211 1016124.66175512 1010155.33561724
9100 -5843.89491627629 1014933.04011344 1009089.14519716
9110 -5519.80668178147 1012477.48304538 1006957.6763636
9120 -6476.53371362281 1013854.61175101 1007378.07803739
9130 -5930.33299311918 1014487.46150119 1008557.12850807
9140 -5983.96273560414 1018040.7858895 1012056.8231539
9150 -5470.53927464862 1019539.9218834 1014069.38260875
9160 -5779.42456654685 1020992.29458695 1015212.8700204
9170 -5595.74473615741 1025061.54566209 1019465.80092593
9180 -5644.9732903281 1024219.31958256 1018574.34629223
9190 -6725.82952903189 1026187.43970486 1019461.61017583
9200 -5854.89950396349 1025521.02661837 1019666.12711441
9210 -6265.9968414744 1028896.98960183 1022630.99276036
9220 -5708.36264434845 1026260.62976191 1020552.26711756
9230 -5568.53038886292 1027330.12502671 1021761.59463785
9240 -5247.8219486752 1029877.08791646 1024629.26596778
9250 -6380.1462546286 1035488.98659547 1029108.84034084
9260 -5437.20678702472 1040851.1173058 1035413.91051878
9270 -6945.04781553273 1042214.25185004 1035269.20403451
9280 -5373.25392986267 1042359.07967691 1036985.82574704
9290 -5342.52767838299 1042603.10874421 1037260.58106583
9300 -4550.57049072651 1041695.7307518 1037145.16026107
9310 -5744.94825037903 1043270.96830556 1037526.02005518
9320 -5069.69710584309 1044208.88497966 1039139.18787382
9330 -5888.47603687232 1047517.20979847 1041628.7337616
9340 -6176.56643884437 1049249.43110216 1043072.86466331
9350 -5139.04309908826 1049216.19653643 1044077.15343734
9360 -4909.16938760111 1050711.03397614 1045801.86458854
9370 -5106.34597956737 1050167.67876535 1045061.33278578
9380 -6076.41213814345 1054284.00330297 1048207.59116482
9390 -5119.63120638279 1053527.07704214 1048407.44583575
9400 -5232.17292269444 1051218.95113782 1045986.77821512
9410 -5561.21856782434 1050385.60302166 1044824.38445383
9420 -4880.0388290483 1050224.53827661 1045344.49944756
9430 -5297.47854842771 1052265.54746053 1046968.0689121
9440 -6038.28487351737 1047097.03457502 1041058.74970151
9450 -5419.58085038334 1046358.20192149 1040938.62107111
9460 -5871.0996607951 1045242.99689048 1039371.89722968
9470 -5995.91275974632 1046084.19163891 1040088.27887916
9480 -4755.39397363965 1046154.13440438 1041398.74043074
9490 -5733.78790367601 1045195.10983417 1039461.32193049
9500 -5295.01475697657 1043066.18242783 1037771.16767085
9510 -5704.09629761756 1045325.89789895 1039621.80160133
9520 -5079.82671734987 1047763.67636213 1042683.84964478
9530 -5777.57904504916 1048003.80834797 1042226.22930292
9540 -5253.50537520747 1047477.1666681 1042223.66129289
9550 -5111.33113121089 1046460.36069355 1041349.02956234
9560 -5810.98777795315 1047425.84712834 1041614.85935039
9570 -5617.3233311989 1046031.52917797 1040414.20584678
9580 -5834.01466760608 1044938.40862974 1039104.39396214
9590 -4705.91987903591 1042232.59131688 1037526.67143785
9600 -5058.86830242757 1041294.89035939 1036236.02205696
9610 -5420.31776010292 1044568.95335269 1039148.63559259
9620 -5639.31669536797 1041432.78848121 1035793.47178584
9630 -6106.60888465245 1041392.29157474 1035285.68269009
9640 -5427.86083241921 1040189.23131391 1034761.37048149
9650 -5756.07229528822 1040265.85063483 1034509.77833954
9660 -5178.13687720603 1037945.22328106 1032767.08640386
9670 -5100.59451654938 1037626.77717317 1032526.18265662
9680 -4538.62190039485 1037376.40502141 1032837.78312101
9690 -6012.75273177262 1043228.97766663 1037216.22493485
9700 -6611.11711796541 1042183.55928717 1035572.44216921
9710 -5744.92865128777 1040937.50255263 1035192.57390134
9720 -5769.9896177346 1038854.5603209 1033084.57070317
9730 -5013.14496640572 1035755.31849981 1030742.1735334
9740 -6082.66974245864 1036515.42623733 1030432.75649487
9750 -5314.89242522343 1037623.67331392 1032308.7808887
9760 -5364.74738310931 1043113.40340932 1037748.65602621
9770 -6081.68629816435 1042461.50785593 1036379.82155777
9780 -7287.15944148041 1043278.19826556 1035991.03882408
9790 -5425.57080234758 1040226.13500726 1034800.56420491
9800 -4933.93736188668 1041076.39658016 1036142.45921827
9810 -5735.3889390622 1041306.18133974 1035570.79240068
9820 -5351.35274478107 1040977.48216212 1035626.12941734
9830 -5567.49626949977 1045177.26527759 1039609.76900809
9840 -5723.63024698339 1046914.88239163 1041191.25214464
9850 -4230.18185466515 1049856.92274934 1045626.74089467
9860 -5203.37742081598 1050749.2730544 1045545.89563358
9870 -4493.02643764891 1048323.28220222 1043830.25576457
9880 -5936.74792659657 1049429.66388085 1043492.91595426
9890 -5864.38331620906 1054067.65571147 1048203.27239526
9900 -5558.63697055147 1053081.45037489 1047522.81340434
9910 -5035.94251399778 1052188.0472483 1047152.1047343
9920 -5653.82834589185 1052930.47013284 1047276.64178695
9930 -4781.84842163958 1051414.04856566 1046632.20014402
9940 -6016.60267368053 1052572.50047843 1046555.89780475
9950 -6363.06887307483 1048126.98191586 1041763.91304279
9960 -4342.90203661692 1051444.36035099 1047101.45831437
9970 -4898.07099937036 1050271.9252828 1045373.85428343
9980 -4880.12724445199 1049145.12948821 1044265.00224375
9990 -6904.00831726429 1043543.46558593 1036639.45726867
10000 -6164.32509718653 1043565.86727403 1037401.54217685
10010 -4507.58858309097 1042327.70892975 1037820.12034665
10020 -4546.54621367582 1046243.97796449 1041697.43175082
10030 -5490.28542322221 1049577.27173249 1044086.98630927
10040 -4683.62726251852 1048598.41016284 1043914.78290032
10050 -4959.35612782341 1048085.19986454 1043125.84373672
10060 -6280.67499252193 1049351.42316539 1043070.74817287
10070 -6837.71645419547 1053715.9446728 1046878.22821861
10080 -5153.51676703536 1057039.82527041 1051886.30850338
10090 -6062.757154594 1054543.39654247 1048480.63938788
10100 -4513.73942204946 1056033.02338765 1051519.2839656
10110 -4775.82244460472 1057057.93284993 1052282.11040532
10120 -5492.48077225998 1059899.3907869 1054406.91001464
10130 -5021.52782628212 1060088.02765658 1055066.4998303
10140 -5738.40546288321 1055958.33721686 1050219.93175398
10150 -5201.46646413114 1051089.82689693 1045888.3604328
10160 -5936.35908075492 1049667.33030272 1043730.97122196
10170 -7433.37845085723 1049395.14368277 1041961.76523191
10180 -5084.79922550217 1049459.57191477 1044374.77268927
10190 -6692.37735319866 1051942.14102781 1045249.76367461
10200 -5268.05865953528 1055815.64388996 1050547.58523042
10210 -5997.87794920974 1054051.46293854 1048053.58498933
10220 -7346.53840829518 1059551.48246033 1052204.94405204
10230 -5791.06781354937 1056006.80216925 1050215.73435571
10240 -5315.68868810588 1055879.91051304 1050564.22182494
10250 -6293.39287285172 1053045.85799952 1046752.46512666
10260 -6891.63169864064 1048844.48298127 1041952.85128263
10270 -5700.43541829084 1047131.85198792 1041431.41656963
10280 -5477.42525972453 1050584.86122857 1045107.43596884
10290 -4676.50981793758 1050394.19577315 1045717.68595521
10300 -5646.36565354939 1053231.52650649 1047585.16085294
10310 -5865.46909192811 1052622.72159445 1046757.25250252
10320 -6033.06742999362 1052652.775814 1046619.70838401
10330 -6337.20316482355 1052663.35236413 1046326.14919931
10340 -5892.17027490545 1051829.44217816 1045937.27190326
10350 -4742.4774165749 1051040.56932703 1046298.09191045
10360 -5914.76358498747 1052124.10848123 1046209.34489625
10370 -5034.19742927642 1051013.00629269 1045978.80886341
10380 -5069.69931622907 1052129.76039476 1047060.06107853
10390 -5969.69655467105 1053497.44400523 1047527.74745056
10400 -6680.87527746199 1053529.57155394 1046848.69627647
10410 -4910.6013734274 1047425.58330879 1042514.98193536
10420 -4685.87707273604 1049123.76311314 1044437.8860404
10430 -5028.58158806049 1050924.07855233 1045895.49696427
10440 -5495.79202698013 1053382.45002634 1047886.65799936
10450 -5564.32076197729 1049712.03350553 1044147.71274355
10460 -5666.92763220886 1053851.47074718 1048184.54311497
10470 -5217.01206634712 1056748.19998414 1051531.18791779
10480 -5632.58895990796 1055070.45405465 1049437.86509474
10490 -5292.7625138466 1055963.42909939 1050670.66658554
10500 -5984.97482295438 1055794.92749325 1049809.9526703
10510 -5061.58497380183 1053801.45715613 1048739.87218233
10520 -5301.72146823673 1054507.88884425 1049206.16737601
10530 -5225.77223769117 1054111.81620643 1048886.04396874
10540 -4863.77838098421 1053172.16767512 1048308.38929413
10550 -4356.59169222687 1050748.42954696 1046391.83785473
10560 -6170.32259253317 1052028.28691136 1045857.96431883
10570 -6938.69895084234 1051887.26635763 1044948.56740678
10580 -6323.12332587175 1049135.77017379 1042812.64684792
10590 -4903.30425751665 1047309.92526483 1042406.62100732
10600 -6216.86526476518 1047804.67279856 1041587.80753379
10610 -5077.10601128023 1046966.00438467 1041888.89837339
10620 -6426.19191434143 1051466.38727523 1045040.19536089
10630 -5900.81937267893 1051708.16424231 1045807.34486963
10640 -4639.3014124063 1047118.01513051 1042478.71371811
10650 -6453.83977675238 1047953.7361248 1041499.89634805
10660 -5049.59169836743 1049146.09220633 1044096.50050796
10670 -5195.24755233468 1047963.14362734 1042767.896075
10680 -5348.33324835809 1047242.24037953 1041893.90713118
10690 -5636.67833479594 1050500.28977152 1044863.61143672
10700 -5874.09501840485 1052892.65479682 1047018.55977841
10710 -5085.57227286267 1052787.71180431 1047702.13953145
10720 -5741.60076672499 1054830.11673029 1049088.51596357
10730 -5425.55495605722 1052050.28234445 1046624.72738839
10740 -4642.19579920316 1051372.9154609 1046730.71966169
10750 -5759.83277154584 1053347.89321159 1047588.06044004
10760 -5491.68135571596 1050442.38387678 1044950.70252106
10770 -5567.19247112833 1046014.74705652 1040447.5545854
10780 -6178.97842997976 1042831.13442015 1036652.15599017
10790 -6278.89373621974 1042722.3497357 1036443.45599948
10800 -4595.05642004623 1043350.3657582 1038755.30933815
10810 -5557.82736220962 1047398.01199782 1041840.18463561
10820 -4241.44895006778 1046364.72664215 1042123.27769208
10830 -5925.40608098219 1049518.96192217 1043593.55584119
10840 -5484.88632020505 1047844.66855041 1042359.7822302
10850 -6522.54495503068 1050098.69440146 1043576.14944643
10860 -6143.4893335227 1049671.16229266 1043527.67295913
10870 -6232.60629437025 1046293.23595752 1040060.62966315
10880 -5664.57690548205 1048679.79864893 1043015.22174345
10890 -4814.81224539781 1048085.9435847 1043271.13133931
10900 -5216.09888653759 1050054.79226187 1044838.69337533
10910 -5561.17260027574 1050966.50257509 1045405.32997481
10920 -6010.73962875163 1051488.27534744 1045477.53571869
10930 -5325.54554188947 1051319.25695478 1045993.71141289
10940 -4831.8355806138 1050574.40719127 1045742.57161066
10950 -4725.93868293777 1052125.07637066 1047399.13768773
10960 -4843.3377496975 1054217.48996113 1049374.15221143
10970 -4067.63617944287 1052747.02590445 1048679.389725
10980 -4934.91683822636 1052531.91561581 1047596.99877758
10990 -5429.72370349516 1052471.01525364 1047041.29155015
11000 -5721.87112787155 1055717.57990253 1049995.70877466
11010 -5113.99381286673 1054443.52007279 1049329.52625993
11020 -5992.44741454596 1053067.79999939 1047075.35258484
11030 -5387.8091226794 1056739.87901529 1051352.06989261
11040 -4745.95595248261 1060632.83153048 1055886.875578
11050 -5958.07296286206 1067474.35045753 1061516.27749467
11060 -6540.2585651276 1068047.09355907 1061506.83499395
11070 -5140.63287918755 1070263.7329653 1065123.10008611
11080 -4961.94232103174 1070696.52503598 1065734.58271495
11090 -6300.05828849934 1069844.29296443 1063544.23467593
11100 -7152.52037771924 1068184.78874614 1061032.26836842
11110 -6821.93756614546 1065828.37565809 1059006.43809195
11120 -6340.45142764314 1066311.6365198 1059971.18509216
11130 -4869.21897278102 1067406.2977125 1062537.07873972
11140 -5595.12588124128 1065290.25063891 1059695.12475767
11150 -5864.41685266407 1068585.38528874 1062720.96843607
11160 -4934.30120336193 1069203.6575973 1064269.35639394
11170 -6374.81335714595 1068945.048544 1062570.23518686
11180 -6668.74475259302 1066865.92135283 1060197.17660024
11190 -6154.55333505111 1063146.782738 1056992.22940295
11200 -7501.4000346955 1061172.44397805 1053671.04394335
11210 -5602.45785333751 1058066.03468006 1052463.57682672
11220 -6784.89214649384 1060015.4531418 1053230.5609953
11230 -7404.43899638136 1059029.18725661 1051624.74826023
11240 -5158.87111212494 1059554.86462085 1054395.99350872
11250 -5124.23903835785 1057610.22404927 1052485.98501092
11260 -5889.8403094558 1056399.33491847 1050509.49460902
11270 -5121.33678166755 1053460.7068033 1048339.37002163
11280 -6870.15476631895 1055974.902421 1049104.74765469
11290 -5661.42929035932 1055163.81084115 1049502.38155079
11300 -5832.82462708705 1055957.10525245 1050124.28062537
11310 -4935.57204805319 1053669.3282212 1048733.75617315
11320 -4680.36143830604 1055519.41089844 1050839.04946013
11330 -5231.32354444626 1053066.66274762 1047835.33920318
11340 -5553.36350560227 1052287.51355707 1046734.15005147
11350 -7196.35495610383 1053615.99632113 1046419.64136502
11360 -6182.13744852476 1050008.72424324 1043826.58679471
11370 -6810.36426553296 1048091.32149845 1041280.95723292
11380 -7278.83312351818 1048230.86855895 1040952.03543543
11390 -4928.00209638452 1049629.06939485 1044701.06729847
11400 -4495.59385242582 1050783.94662536 1046288.35277293
11410 -5838.55682211938 1049337.87371547 1043499.31689335
11420 -4932.15088877222 1047723.18085314 1042791.02996436
11430 -7273.91413924693 1047683.11290628 1040409.19876703
11440 -5790.34280201799 1045880.579026 1040090.23622398
11450 -7123.51685578782 1047692.172861 1040568.65600522
11460 -6315.4315716407 1045379.3398044 1039063.90823276
11470 -6356.42156818164 1047629.13601991 1041272.71445173
11480 -6453.77304666407 1045129.68153196 1038675.90848529
11490 -4396.35748620158 1045129.06127192 1040732.70378572
11500 -6834.92769513726 1043881.1966987 1037046.26900356
11510 -5548.01533768927 1047923.99338759 1042375.9780499
11520 -5968.56785742846 1046978.41016164 1041009.84230421
11530 -5164.13993177681 1045526.09556223 1040361.95563045
11540 -6398.40419081567 1043370.63035265 1036972.22616183
11550 -6664.68536303606 1045090.79726344 1038426.1119004
11560 -5825.50022061659 1045568.02601333 1039742.52579272
11570 -5272.42739926858 1047129.0084632 1041856.58106393
11580 -4271.89205984226 1045457.80087632 1041185.90881648
11590 -4984.68454485494 1045402.60987901 1040417.92533416
11600 -6705.52737718741 1046569.125232 1039863.59785481
11610 -5332.2493769722 1046721.85318619 1041389.60380921
11620 -5886.1365547608 1047679.91289897 1041793.77634421
11630 -5648.42241847884 1047106.04328676 1041457.62086829
11640 -5084.74899076728 1045324.33916702 1040239.59017625
11650 -6571.04884623415 1049188.84498845 1042617.79614221
11660 -5250.67508522936 1050029.74094546 1044779.06586023
11670 -5458.87940384344 1051113.12611455 1045654.24671071
11680 -5769.72405246602 1047879.50129328 1042109.77724081
11690 -7776.86695222495 1049555.5069597 1041778.64000748
11700 -7195.23600375823 1049475.21923668 1042279.98323292
11710 -5616.20090874076 1050969.27161124 1045353.0707025
11720 -5585.30958791534 1053249.45001809 1047664.14043017
11730 -5476.52201883319 1053881.63105914 1048405.10904031
11740 -6289.74051291847 1055783.10785558 1049493.36734266
11750 -4599.52059098656 1054858.92171013 1050259.40111914
11760 -4610.34210428344 1054640.86695645 1050030.52485217
11770 -5598.72907516413 1056112.67604133 1050513.94696616
11780 -5470.05542944798 1059822.49048056 1054352.43505111
11790 -5342.91177766548 1061020.37742465 1055677.46564699
11800 -4437.02797152794 1060672.09608185 1056235.06811032
11810 -5544.33731789356 1060974.34292072 1055430.00560282
11820 -4802.94177249553 1059644.28668156 1054841.34490907
11830 -5869.2377666775 1057173.27443295 1051304.03666627
11840 -6349.47434075718 1058823.21741122 1052473.74307046
11850 -5858.81630517844 1059585.33897389 1053726.52266871
11860 -5801.59315271232 1060485.41321199 1054683.82005928
11870 -6368.97989327669 1060641.94346082 1054272.96356755
11880 -5554.14864848359 1057637.12156602 1052082.97291754
11890 -6347.42786767082 1056459.2538777 1050111.82601003
11900 -4442.16299945594 1053748.94419241 1049306.78119295
11910 -6192.40602682199 1053551.42072931 1047359.01470249
11920 -5793.88512374348 1052873.93739702 1047080.05227328
11930 -7012.22559562264 1058244.70481752 1051232.4792219
11940 -5646.69117741669 1059095.91729699 1053449.22611957
11950 -6439.847586933 1061840.93124822 1055401.08366129
11960 -4800.64293734769 1057541.15085977 1052740.50792243
11970 -5929.99461493611 1056062.47325282 1050132.47863789
11980 -4847.88743120691 1056602.02879611 1051754.14136491
11990 -7254.6240126463 1058268.95863495 1051014.3346223
12000 -4602.64668398045 1056731.15009461 1052128.50341063
12010 -5903.24988809305 1053725.1298565 1047821.8799684
12020 -4744.81878314909 1052894.24108749 1048149.42230435
12030 -5208.24629493469 1055155.42944275 1049947.18314781
12040 -5220.18830565847 1054571.64211813 1049351.45381248
12050 -5681.16142701679 1055896.28567579 1050215.12424877
12060 -4917.82100558812 1057166.08381698 1052248.2628114
12070 -5210.93992031968 1055894.55429612 1050683.6143758
12080 -5674.09634344565 1058127.16962636 1052453.07328291
12090 -6260.56195267803 1057561.28709224 1051300.72513956
12100 -5833.9817326346 1060765.95396526 1054931.97223262
12110 -5161.89300252793 1066183.69153712 1061021.7985346
12120 -6141.58958910366 1064528.18520653 1058386.59561742
12130 -4997.01923027458 1065223.4490976 1060226.42986732
12140 -6127.82141439299 1066932.45493049 1060804.6335161
12150 -5073.77432491991 1066230.48903705 1061156.71471213
12160 -5946.47037770985 1064880.52357752 1058934.05319981
12170 -4699.65925566501 1063757.1706994 1059057.51144374
12180 -5898.63664925938 1065074.07100994 1059175.43436069
12190 -6394.45680827918 1067462.04461605 1061067.58780777
12200 -5155.83825742737 1062854.24100137 1057698.40274394
12210 -5775.42689829687 1060249.88771538 1054474.46081709
12220 -4976.15260061339 1061014.15959716 1056038.00699655
12230 -5416.58712210296 1062700.29270483 1057283.70558273
12240 -5238.98747347943 1064836.28215248 1059597.294679
12250 -6525.17916499853 1066010.50609005 1059485.32692505
12260 -5498.99288749632 1063570.75728074 1058071.76439325
12270 -4853.40201533688 1063926.09166519 1059072.68964985
12280 -5869.12896005617 1062633.55763761 1056764.42867755
12290 -5246.86200223997 1059984.20133943 1054737.33933719
12300 -4890.88105278768 1061052.35759402 1056161.47654123
12310 -5165.98360582219 1063250.30564393 1058084.32203811
12320 -4979.23030777067 1066863.10669263 1061883.87638486
12330 -5632.68780556705 1066017.82729156 1060385.13948599
12340 -5674.42062025541 1063174.5971095 1057500.17648925
12350 -4950.29077699802 1061373.92997384 1056423.63919684
12360 -4952.92189792078 1064933.10840536 1059980.18650744
12370 -5498.267702356 1063625.39131969 1058127.12361734
12380 -4898.13995133135 1066408.44935267 1061510.30940134
12390 -5340.36162551816 1066470.97156403 1061130.60993851
12400 -5640.66499910622 1067583.51755658 1061942.85255747
12410 -5092.95009588191 1066705.98114688 1061613.03105099
12420 -6169.97468338801 1068054.58202503 1061884.60734164
12430 -5640.67521219037 1064323.99469377 1058683.31948158
12440 -5653.35336948173 1066615.04429527 1060961.69092579
12450 -6107.58569433676 1066658.46899032 1060550.88329599
12460 -5425.41070642845 1068077.94039706 1062652.52969063
12470 -5847.98433490672 1069191.56793805 1063343.58360314
12480 -5134.65229063401 1069508.36477249 1064373.71248185
12490 -6444.10583894734 1070298.15414953 1063854.04831058
12500 -5169.04113378234 1069626.10967375 1064457.06853996
12510 -5158.74081658775 1068962.55562781 1063803.81481122
12520 -5083.86646100207 1066103.45046662 1061019.58400561
12530 -6523.65345192836 1067454.23181138 1060930.57835946
12540 -4416.17617077254 1067319.80342341 1062903.62725264
12550 -4711.95536072795 1065901.20403875 1061189.24867802
12560 -4745.12105800679 1064252.25341182 1059507.13235381
12570 -5256.2252625524 1061536.03349584 1056279.80823328
12580 -4902.88143451473 1061083.87507733 1056180.99364281
12590 -5658.53616833945 1063504.7159238 1057846.17975546
12600 -5361.13712692512 1063673.47263778 1058312.33551085
12610 -4338.96634251363 1062076.02991198 1057737.06356946
12620 -6367.66241046902 1063181.09916472 1056813.43675425
12630 -6478.41591755081 1060906.48048506 1054428.06456751
12640 -5404.40417162639 1058037.23321741 1052632.82904579
12650 -4673.76481932939 1059401.08695908 1054727.32213975
12660 -5377.47832826187 1058720.9987033 1053343.52037503
12670 -5530.31721745881 1061435.2633379 1055904.94612044
12680 -5107.99963131469 1057333.23524882 1052225.23561751
12690 -5049.50676915401 1057276.37086536 1052226.8640962
12700 -6388.78485502708 1061213.5996395 1054824.81478447
12710 -6206.10118443622 1060472.74968022 1054266.64849579
12720 -5800.70391527704 1061321.78416176 1055521.08024649
12730 -5772.94974076232 1060580.13776292 1054807.18802216
12740 -6888.76636510397 1057812.70454189 1050923.93817679
12750 -5056.58926618281 1057287.88154022 1052231.29227403
12760 -5170.68295682863 1057954.64009998 1052783.95714315
12770 -4938.95054227712 1056461.02434054 1051522.07379826
12780 -6072.63976929677 1056972.37923626 1050899.73946697
12790 -5912.44437759404 1057026.21571791 1051113.77134031
12800 -5457.86991990168 1058799.07431346 1053341.20439356
12810 -6875.83634069859 1063226.54313155 1056350.70679086
12820 -4526.76218367027 1062496.46613634 1057969.70395267
12830 -5796.83140135828 1060825.20758691 1055028.37618556
12840 -4637.65777447267 1059929.91831384 1055292.26053937
12850 -4645.60692898712 1059339.37762545 1054693.77069646
12860 -5236.9151701964 1058234.82560314 1052997.91043294
12870 -5379.91753997602 1058780.51548951 1053400.59794953
12880 -6685.33780498234 1057167.59912221 1050482.26131723
12890 -5854.16893867675 1057352.85530775 1051498.68636907
12900 -6073.6744710596 1055322.85409644 1049249.17962538
12910 -6587.92320194435 1055797.4912337 1049209.56803176
12920 -5296.27913186608 1056608.8661641 1051312.58703223
12930 -5713.83257263734 1057926.42652157 1052212.59394893
12940 -5135.73678156469 1057501.4796214 1052365.74283984
12950 -4623.53195385759 1056771.92973096 1052148.3977771
12960 -6062.01461320326 1055312.74991275 1049250.73529955
12970 -6548.32335751111 1054336.13107615 1047787.80771864
12980 -4212.5431602728 1054783.64408235 1050571.10092208
12990 -6401.29002647678 1057164.94826612 1050763.65823964
13000 -5660.26015805665 1055190.63996371 1049530.37980565
13010 -6425.37964122308 1056089.45742814 1049664.07778692
13020 -5714.89327337083 1054229.11393061 1048514.22065724
13030 -7001.45370193244 1056597.3205714 1049595.86686946
13040 -6638.11144626904 1058010.93280419 1051372.82135792
13050 -6964.38195821493 1056342.16068463 1049377.77872642
13060 -5710.37866314922 1057996.59800014 1052286.21933699
13070 -4809.55655029601 1058958.6327916 1054149.0762413
13080 -5875.48091117922 1058398.39173337 1052522.91082219
13090 -5934.53699068736 1059617.74354043 1053683.20654974
13100 -4924.21008625569 1059042.84014043 1054118.63005418
13110 -6103.83844520689 1063683.63869615 1057579.80025094
13120 -5333.00034115516 1066523.66853045 1061190.6681893
13130 -5581.70517468422 1068128.33750257 1062546.63232789
13140 -5094.68236490774 1067573.2103633 1062478.5279984
13150 -6099.85769003029 1068170.15833755 1062070.30064752
13160 -5673.24046708974 1065938.85215234 1060265.61168525
13170 -5361.18167332208 1067735.21366699 1062374.03199367
13180 -5302.04577547455 1069319.74532808 1064017.69955261
13190 -5374.38370052177 1068667.49972654 1063293.11602602
13200 -6369.25811631061 1069837.8962251 1063468.63810879
13210 -4854.76491188313 1072649.16431378 1067794.39940189
13220 -5030.8983080233 1073509.46155455 1068478.56324653
13230 -4730.01763784777 1071568.01586354 1066837.99822569
13240 -5822.49219344745 1074751.27968959 1068928.78749614
13250 -4924.61888628818 1073639.78947469 1068715.1705884
13260 -6000.43545003462 1073238.05492756 1067237.61947753
13270 -5340.39353060709 1070919.14061074 1065578.74708013
13280 -6398.68546463677 1074561.44136754 1068162.7559029
13290 -4881.57617061239 1073005.98956982 1068124.41339921
13300 -7094.46597914249 1080487.17435174 1073392.70837259
13310 -5935.16134979095 1079190.68976781 1073255.52841802
13320 -4043.16127191941 1079314.24032484 1075271.07905292
13330 -5159.07746818767 1083149.65561607 1077990.57814788
13340 -5700.94144652117 1084137.29128228 1078436.34983576
13350 -5759.49898361621 1082795.91357695 1077036.41459334
13360 -4971.49446152504 1080047.44719875 1075075.95273722
13370 -4642.33646455404 1078894.7419319 1074252.40546735
13380 -5127.98246063553 1081960.39865191 1076832.41619127
13390 -5259.81638468981 1082777.90776144 1077518.09137675
13400 -4937.67485014042 1080286.81923863 1075349.14438849
13410 -6435.64708217664 1078081.20122276 1071645.55414058
13420 -5224.95282540004 1073704.22725449 1068479.27442909
13430 -5522.91448736687 1075459.26336827 1069936.34888091
13440 -5963.82072198454 1078014.86333928 1072051.04261729
13450 -5856.58239302006 1077682.45137451 1071825.86898149
13460 -5921.74051460262 1076859.42611056 1070937.68559596
13470 -6514.7014669519 1074973.58676867 1068458.88530171
13480 -5492.25355919165 1073261.30480353 1067769.05124433
13490 -5731.65023663547 1074971.99153287 1069240.34129624
13500 -5891.87281066335 1073139.00224159 1067247.12943092
13510 -5279.0074602953 1071922.3167837 1066643.3093234
13520 -5553.55204912815 1071725.19714211 1066171.64509299
13530 -4545.84516813161 1072468.06215562 1067922.21698749
13540 -4678.1969773119 1074797.81444259 1070119.61746528
13550 -4845.43114583549 1077801.21911097 1072955.78796514
13560 -5889.17183061267 1074648.5282158 1068759.35638519
13570 -6602.42817702925 1072843.58205153 1066241.1538745
13580 -7720.73601026654 1073888.74496733 1066168.00895706
13590 -5095.0798491657 1069025.63039326 1063930.5505441
13600 -5159.45123760549 1071927.53413596 1066768.08289835
13610 -4516.49871482553 1070896.10609556 1066379.60738073
13620 -4667.14677900366 1072215.46085761 1067548.3140786
13630 -6839.35882800834 1072331.51909901 1065492.160271
13640 -5199.91097476928 1065645.62877388 1060445.71779911
13650 -4778.08865204962 1066166.5729101 1061388.48425805
13660 -4958.66994210872 1061997.22672613 1057038.55678402
13670 -5147.27922206946 1061239.23472826 1056091.95550619
13680 -5700.49712923871 1063798.02690683 1058097.52977759
13690 -5047.0166804209 1064309.10807315 1059262.09139273
13700 -4746.11305060485 1068243.40029948 1063497.28724887
13710 -6832.27773224381 1072194.75468365 1065362.47695141
13720 -5508.20907191004 1070504.63950149 1064996.43042958
13730 -5761.85439095498 1071115.76000102 1065353.90561007
13740 -5769.45167569132 1072535.70748761 1066766.25581192
13750 -5113.67745892086 1073498.00052921 1068384.32307029
13760 -5950.50888364922 1070462.72255832 1064512.21367467
13770 -5750.90836671375 1068667.75032667 1062916.84195996
13780 -6197.17042215895 1069030.4607961 1062833.29037395
13790 -5335.78319351303 1070081.04202715 1064745.25883364
13800 -6268.04722643767 1071876.21854059 1065608.17131416
13810 -5344.57057202841 1070081.51046244 1064736.93989041
13820 -5399.99590729351 1068569.21456554 1063169.21865825
13830 -6136.42632325679 1069928.54034513 1063792.11402187
13840 -4636.65900605839 1068697.73522816 1064061.0762221
13850 -4822.37385776341 1068941.19800469 1064118.82414693
13860 -5384.88275251849 1068074.77414754 1062689.89139503
13870 -5871.37134559861 1070536.36316986 1064664.99182426
13880 -4457.90426557433 1068340.17076285 1063882.26649728
13890 -5711.10566818345 1072712.2470251 1067001.14135692
13900 -5471.0038632006 1073185.6270225 1067714.6231593
13910 -4503.00200275808 1073230.94805216 1068727.9460494
13920 -6247.61085521173 1078785.89142696 1072538.28057175
13930 -7367.28630020554 1080400.39867531 1073033.1123751
13940 -6066.79232061983 1078716.63593188 1072649.84361126
13950 -5098.66034729205 1077770.35148349 1072671.69113619
13960 -6046.83315414276 1076556.23401102 1070509.40085688
13970 -6070.08156661393 1078235.31782825 1072165.23626164
13980 -5348.45765750468 1080890.36701235 1075541.90935484
13990 -5310.91851055305 1079753.12273735 1074442.2042268
14000 -6967.56423451262 1081146.78286116 1074179.21862665
14010 -5347.01408818416 1082574.21552539 1077227.20143721
14020 -4551.64398654428 1081830.10212537 1077278.45813882
14030 -6550.36416223553 1082315.45855841 1075765.09439617
14040 -4550.88628986626 1077297.19521356 1072746.3089237
14050 -5999.00892611413 1081459.68977261 1075460.68084649
14060 -5588.81025966228 1081750.41965482 1076161.60939516
14070 -6571.01565441537 1083879.96090345 1077308.94524903
14080 -4818.59376675123 1083839.1546213 1079020.56085455
14090 -5001.21171332083 1078964.347558 1073963.13584468
14100 -6424.85991352473 1082883.46958006 1076458.60966654
14110 -4520.31308421645 1079979.0861943 1075458.77311009
14120 -6127.16003867708 1083247.73130892 1077120.57127024
14130 -4575.09155009193 1083282.20592425 1078707.11437416
14140 -7030.12663578287 1083292.87998338 1076262.7533476
14150 -4951.42344392777 1081469.08417481 1076517.66073088
14160 -5993.23931573417 1077380.63576096 1071387.39644522
14170 -6417.76031516779 1076367.29882765 1069949.53851248
14180 -5943.15803417058 1077585.0560553 1071641.89802113
14190 -5388.49091516448 1075319.6057617 1069931.11484654
14200 -5594.22310243035 1077054.36049557 1071460.13739314
14210 -5652.31208513888 1077146.32737831 1071494.01529317
14220 -5383.3577927837 1076925.3492263 1071541.99143352
14230 -4636.44424978009 1073537.20512222 1068900.76087244
14240 -7591.85975462299 1078578.3387714 1070986.47901678
14250 -4742.69063226213 1083083.91479597 1078341.22416371
14260 -6367.16726251867 1087060.55156919 1080693.38430667
14270 -5269.22475216197 1085765.05348507 1080495.82873291
14280 -4808.52080879526 1082583.23461354 1077774.71380475
14290 -5854.27868365624 1083674.66529747 1077820.38661382
14300 -5535.30115802676 1085875.9835794 1080340.68242137
14310 -4630.82762938341 1083698.45743996 1079067.62981057
14320 -5382.3586886337 1087060.44304619 1081678.08435756
14330 -5273.54224233358 1088848.58133529 1083575.03909295
14340 -6101.61227805567 1090325.99929218 1084224.38701413
14350 -5641.22758501369 1089522.91409952 1083881.68651451
14360 -6070.64079729553 1090376.28964125 1084305.64884396
14370 -4553.42214819519 1089361.37844029 1084807.95629209
14380 -5855.71848125734 1089169.59337618 1083313.87489492
14390 -5718.84440821296 1087019.38336142 1081300.53895321
14400 -4800.23692344361 1087730.0160148 1082929.77909136
14410 -6159.86389504104 1087019.94934004 1080860.085445
14420 -4964.84393050433 1086630.44790976 1081665.60397926
14430 -6221.6092922913 1086550.68039178 1080329.07109949
14440 -5984.56084065073 1086768.56472053 1080784.00387988
14450 -5766.39610201614 1087554.43854792 1081788.04244591
14460 -5106.77654005697 1089773.21841818 1084666.44187812
14470 -5806.75715601048 1086861.20722078 1081054.45006477
14480 -4888.10984393325 1084387.84808694 1079499.73824301
14490 -4751.54441290351 1084057.74294208 1079306.19852918
14500 -5287.00636511931 1087570.51110932 1082283.5047442
14510 -6011.05970967266 1086709.16202044 1080698.10231077
14520 -5040.08758362548 1083491.07027941 1078450.98269578
14530 -5541.25808832063 1085528.32247718 1079987.06438886
14540 -4539.99694927087 1083456.42661375 1078916.42966448
14550 -5704.11663539121 1081930.8804256 1076226.76379021
14560 -5426.95766772713 1080557.99032917 1075131.03266145
14570 -5683.39439478084 1079288.13367794 1073604.73928316
14580 -5444.18033783908 1079844.42644008 1074400.24610224
14590 -4393.46647192924 1081530.34238415 1077136.87591223
14600 -5438.73872846415 1081232.64555947 1075793.90683101
14610 -5977.42385376321 1078932.8884522 1072955.46459844
14620 -4086.18110553976 1080882.6464431 1076796.46533756
14630 -6075.18784303742 1083637.15032743 1077561.9624844
14640 -5696.81875255542 1084500.25132507 1078803.43257252
14650 -4736.82341719836 1082832.81682777 1078095.99341058
14660 -4527.31862668118 1082598.91594775 1078071.59732107
14670 -7309.7749103325 1084788.98403713 1077479.2091268
14680 -5739.22513762592 1081362.52791967 1075623.30278204
14690 -5488.89183921223 1082967.80091141 1077478.9090722
14700 -4999.44695771186 1080220.35585567 1075220.90889795
14710 -4965.50778625245 1078401.20222679 1073435.69444054
14720 -6409.62970168279 1081718.09486652 1075308.46516484
14730 -5765.92001551049 1078728.34164263 1072962.42162712
14740 -6228.55239745762 1079816.31222653 1073587.75982908
14750 -6020.29331819799 1077252.33174709 1071232.0384289
14760 -5819.0952358331 1075302.43078967 1069483.33555383
14770 -5826.02883941615 1074535.24416442 1068709.215325
14780 -4935.53146810505 1073402.07118158 1068466.53971348
14790 -6033.62256562981 1074906.97198194 1068873.34941631
14800 -5415.13445328185 1075458.87283729 1070043.73838401
14810 -8422.15078436624 1084381.20341197 1075959.05262761
14820 -5788.0189485103 1081500.46400789 1075712.44505938
14830 -6120.64965748655 1083589.67134868 1077469.0216912
14840 -5775.63442930772 1083312.4433438 1077536.80891449
14850 -4819.57015577096 1084492.1264976 1079672.55634183
14860 -6087.60592536765 1086200.95463301 1080113.34870764
14870 -6316.35138556115 1083760.86746141 1077444.51607585
14880 -6448.53668122641 1080909.30158734 1074460.76490611
14890 -5874.80472982712 1079822.676094 1073947.87136417
14900 -5548.26382484798 1081060.69906143 1075512.43523658
14910 -4095.69129279874 1081913.13408626 1077817.44279347
14920 -5854.38581730625 1083401.97443609 1077547.58861878
14930 -7427.98968431191 1084775.40733523 1077347.41765092
14940 -6074.24003636941 1084389.37808558 1078315.13804921
14950 -7117.71215292445 1081500.92245678 1074383.21030386
14960 -5011.19629405318 1079595.10869279 1074583.91239873
14970 -6484.3578392466 1082809.29041669 1076324.93257744
14980 -4302.43377963825 1081626.71220796 1077324.27842833
14990 -5625.34596134232 1085737.32236816 1080111.97640681
15000 -6472.82800456311 1088446.37416542 1081973.54616086
