# Step PotentialEnergy(eV) KineticEnergy(eV) TotalEnergy(eV)
0 48.169575718357 62.380945977 110.550521695357
10 49.1484369335123 61.4021119034379 110.55054883695
20 51.6961382782368 58.8544935065606 110.550631784797
30 55.6361296765077 54.9146810593609 110.550810735869
40 60.6265520561173 49.9245685620917 110.551120618209
50 66.1245028406319 44.4270433762163 110.551546216848
60 71.4239782569628 39.1280158103175 110.55199406728
70 75.8020687825724 34.7502517884012 110.552320570974
80 78.7310162486849 31.8213959898538 110.552412238539
90 80.0448346727745 30.507420307442 110.552254980216
100 79.9637536793809 30.5881818492487 110.55193552863
110 78.9708028664528 31.5807816409486 110.551584507401
120 77.6177413236022 32.9335711163588 110.551312439961
130 76.3536344725489 34.1975391413521 110.551173613901
140 75.4340424760595 35.1171179288651 110.551160404925
150 74.92323874274 35.6279840022807 110.551222745021
160 74.7616402763219 35.7896672933271 110.551307569649
170 74.8425154187039 35.7088734319356 110.551388850639
180 75.0557265524608 35.4957321171336 110.551458669594
190 75.3060309909938 35.2454755637223 110.551506554716
200 75.530474344527 35.0210484889098 110.551522833437
210 75.7124900622395 34.8390187085378 110.551508770777
220 75.8805880895529 34.6708860887003 110.551474178253
230 76.0934017996697 34.4580330064168 110.551434806086
240 76.4146583788379 34.1367552557861 110.551413634624
250 76.8786624661902 33.6727694462198 110.55143191241
260 77.4599316909493 33.0915591554389 110.551490846388
270 78.0715729815849 32.4799929587281 110.551565940313
280 78.5996654157102 31.95196027694 110.55162569265
290 78.9487029494571 31.6029527718717 110.551655721329
300 79.0656351295855 31.4860257658195 110.551660895405
310 78.938052209082 31.6135951591012 110.551647368183
320 78.5881516989726 31.9634615480881 110.551613247061
330 78.0743530335275 32.4772059847545 110.551559018282
340 77.4884335631872 33.0630617056575 110.551495268845
350 76.9388647540042 33.6125694514447 110.551434205449
360 76.5306455096817 34.020736591254 110.551382100936
370 76.351644086089 34.1997004819088 110.551344567998
380 76.4600594657159 34.0912740028546 110.55133346857
390 76.865294055929 33.6860695854931 110.551363641422
400 77.5076425111326 33.0437979369322 110.551440448065
410 78.2542934902697 32.2972536682961 110.551547158566
420 78.9281621833254 31.6234828819233 110.551645065249
430 79.367053176228 31.184641663191 110.551694839419
440 79.4819435500183 31.06974174762 110.551685297638
450 79.2752277588773 31.2764097117456 110.551637470623
460 78.8134679422131 31.7381102564757 110.551578198689
470 78.1890110157904 32.3625075145899 110.55151853038
480 77.4998743394419 33.0515846092663 110.551458948708
490 76.8436303260054 33.707772627739 110.551402953744
500 76.3090180911714 34.2423414482722 110.551359539444
510 75.9621497214493 34.5891872729151 110.551336994364
520 75.8353880472726 34.7159480888108 110.551336136083
530 75.9273266258668 34.6240215737342 110.551348199601
540 76.2155893292988 34.3357715780631 110.551360907362
550 76.6736017171606 33.8777685458079 110.551370262969
560 77.2756682423922 33.2757196160218 110.551387858414
570 77.9814081713595 32.5700245328614 110.551432704221
580 78.7113379654882 31.8401725291327 110.551510494621
590 79.3413277580678 31.2102745065242 110.551602264592
600 79.7309066480399 30.8207700241874 110.551676672227
610 79.7693733456756 30.7823360807642 110.55170942644
620 79.4129022529654 31.1387875806417 110.551689833607
630 78.7010510494318 31.8505692784713 110.551620327903
640 77.7514824721956 32.8000367160288 110.551519188224
650 76.7305128152298 33.8209051319542 110.551417947184
660 75.8053951142612 34.7459508225086 110.55134593677
670 75.1004415563936 35.450874029127 110.551315585521
680 74.6769044906352 35.8744222309673 110.551326721603
690 74.5313441552188 36.020037387841 110.55138154306
700 74.5940972100718 35.9573819297765 110.551479139848
710 74.7353201227235 35.8162687293319 110.551588852055
720 74.8104977002267 35.7411534888914 110.551651189118
730 74.7409337918044 35.8106938053927 110.551627597197
740 74.564506429283 35.9870345144795 110.551540943762
750 74.4046365988083 36.1468179299075 110.551454528716
760 74.383567824576 36.1678532587061 110.551421083282
770 74.5478829554623 36.0035708516696 110.551453807132
780 74.848967705312 35.7025587370101 110.551526442322
790 75.1805934190943 35.3709975747302 110.551590993825
800 75.4477601625837 35.1038472217926 110.551607384376
810 75.6241920130711 34.9273762046222 110.551568217693
820 75.7636932583083 34.7878055727431 110.551498831051
830 75.9643133713405 34.5871238065815 110.551437177922
840 76.3129698012599 34.2384430433541 110.551412844614
850 76.8413064739975 33.7101296239211 110.551436097919
860 77.5101175983966 33.0413796538866 110.551497252283
870 78.2242520961702 32.3273206453865 110.551572741557
880 78.868912150824 31.6827229880451 110.551635138869
890 79.3515021492727 31.200163002229 110.551665151502
900 79.6307065167564 30.9209530012178 110.551659517974
910 79.721345339952 30.8302828194947 110.551628159447
920 79.6789066800389 30.8726787492062 110.551585429245
930 79.576210632013 30.9753356054262 110.551546237439
940 79.4789834264198 31.0725428267901 110.55152625321
950 79.4215636074189 31.129974553108 110.551538160527
960 79.3885242430949 31.1630588870503 110.551583130145
970 79.314248015492 31.2373953791692 110.551643394661
980 79.1102714387986 31.4414133449434 110.551684783742
990 78.7151269565586 31.8365491166356 110.551676073194
1000 78.1385035742331 32.4131115092962 110.551615083529
1010 77.4642581099711 33.0872761690243 110.551534278995
1020 76.8056262973818 33.7458477170999 110.551474014482
1030 76.2490004521355 34.3024491089861 110.551449561122
1040 75.8308336005679 34.7206127773687 110.551446377937
1050 75.5550776417865 34.9963662071636 110.55144384895
1060 75.4203456043648 35.1310917156691 110.551437320034
1070 75.4271549308465 35.1242812942597 110.551436225106
1080 75.5667673180733 34.9846788646984 110.551446182772
1090 75.8145606422491 34.7368989141456 110.551459556395
1100 76.1401786574354 34.4112871496527 110.551465807088
1110 76.5210940030417 34.0303729322827 110.551466935324
1120 76.939677897369 33.6117992351952 110.551477132564
1130 77.364483345905 33.1870237943773 110.551507140282
1140 77.7368368850492 32.8147148636027 110.551551748652
1150 77.9803745958603 32.5712155133214 110.551590109182
1160 78.033404555825 32.5181905505338 110.551595106359
1170 77.8890426435508 32.6625086903269 110.551551333878
1180 77.6155483641755 32.9359280382916 110.551476402467
1190 77.3283114342649 33.2231074382208 110.551418872486
1200 77.1197544505986 33.4316626587552 110.551417109354
1210 77.0049788506481 33.5464774399527 110.551456290601
1220 76.9401657500279 33.6113160878569 110.551481837885
1230 76.8945263168976 33.6569365033036 110.551462820201
1240 76.8923094658204 33.6591145456969 110.551424011517
1250 76.9818641546104 33.5695453235283 110.551409478139
1260 77.1771703513622 33.3742671768335 110.551437528196
1270 77.4322005641335 33.1192964490042 110.551497013138
1280 77.6567269837821 32.8948383023019 110.551565286084
1290 77.7508206375396 32.8007961234817 110.551616761021
1300 77.6437044239653 32.9079232116466 110.551627635612
1310 77.3272868558172 33.2243045514335 110.551591407251
1320 76.8634826579907 33.6880473504957 110.551530008486
1330 76.3523899879477 34.1990881505523 110.5514781385
1340 75.8832781976731 34.668175053937 110.55145325161
1350 75.5084728316894 35.0429716518408 110.55144448353
1360 75.255285275992 35.2961447386255 110.551430014617
1370 75.1531741908469 35.3982281223142 110.551402313161
1380 75.2422372031512 35.3091407152942 110.551377918445
1390 75.5501441404464 35.0012393748929 110.551383515339
1400 76.05702597587 34.4944028786775 110.551428854548
1410 76.6846960545974 33.866796548595 110.551492603192
1420 77.3279660005634 33.2235741300217 110.551540130585
1430 77.9034159174759 32.6481410273048 110.551556944781
1440 78.3712063249706 32.1803531468735 110.551559471844
1450 78.7155540041965 31.836017729049 110.551571733245
1460 78.9141762739205 31.6374212240356 110.551597497956
1470 78.9334157653855 31.618202539876 110.551618305261
1480 78.752454668448 31.7991583843826 110.551613052831
1490 78.3913443414094 32.1602295198295 110.551573861239
1500 77.9207805918669 32.6307274456919 110.551508037559
1510 77.4495099190013 33.1019238894725 110.551433808474
1520 77.0954893600548 33.4558850791032 110.551374439158
1530 76.9506078172813 33.6007416563116 110.551349473593
1540 77.052398401109 33.4989666726099 110.551365073719
1550 77.3760435961593 33.1753680901723 110.551411686332
1560 77.8490188097685 32.7024543796179 110.551473189386
1570 78.3756071198828 32.1759286710309 110.551535790914
1580 78.8589502392616 31.6926360285874 110.551586267849
1590 79.2215702732638 31.3300409012108 110.551611174475
1600 79.4245271551107 31.1270799999257 110.551607155036
1610 79.4722021572829 31.0793859257998 110.551588083083
1620 79.3939726417315 31.157601165677 110.551573807409
1630 79.2177235968018 31.3338461243507 110.551569721153
1640 78.9620941334912 31.5894665608307 110.551560694322
1650 78.6553511942222 31.8961777634976 110.55152895772
1660 78.3572481754206 32.1942291782133 110.551477353634
1670 78.1532489278037 32.3981822303211 110.551431158125
1680 78.1186459533348 32.4327709926536 110.551416945988
1690 78.2808973090839 32.2705446391385 110.551441948222
1700 78.6086888912824 31.9428033561031 110.551492247386
1710 79.030890519911 31.5206565132498 110.551547033161
1720 79.4660796774103 31.085513452367 110.551593129777
1730 79.8423265128467 30.7093010836483 110.551627596495
1740 80.1030366811515 30.4486130603871 110.551649741539
1750 80.2093368591327 30.3423166764928 110.551653535626
1760 80.1491492974118 30.4024806927292 110.551629990141
1770 79.9496674930419 30.6019104852829 110.551577978325
1780 79.6787957092406 30.8727148495342 110.551510558775
1790 79.4270941280034 31.1243537525641 110.551447880567
1800 79.2792195982326 31.2721859930451 110.551405591278
1810 79.2902256885089 31.2611666707104 110.551392359219
1820 79.4714284024538 31.0799846841299 110.551413086584
1830 79.7834859431768 30.7679794057136 110.55146534889
1840 80.1418527552947 30.409679729724 110.551532485019
1850 80.4425089958718 30.1090804797329 110.551589475605
1860 80.5989984289664 29.9526216601601 110.551620089126
1870 80.5677055789478 29.9839176978728 110.551623276821
1880 80.3516857303021 30.1999184903085 110.551604220611
1890 79.9930167024595 30.5585533078522 110.551570010312
1900 79.5597926476024 30.9917412748294 110.551533922432
1910 79.1244195526922 31.4270922955973 110.551511848289
1920 78.7391386751814 31.8123719380739 110.551510613255
1930 78.4242849119903 32.1272394193828 110.551524331373
1940 78.1745204077915 32.377021877212 110.551542285004
1950 77.9731252042654 32.5784315781917 110.551556782457
1960 77.8037069199887 32.7478568981944 110.551563818183
1970 77.657636292969 32.8939242194488 110.551560512418
1980 77.5398102467731 33.0117348519954 110.551545098769
1990 77.4722752227272 33.0792440470415 110.551519269769
2000 77.4924319521401 33.0590567899944 110.551488742134
2010 77.6449826238217 32.9064783370911 110.551460960913
2020 77.9704519942206 32.5809916954063 110.551443689627
2030 78.4922023430537 32.0592439264518 110.551446269505
2040 79.201073042461 31.350406423995 110.551479466456
2050 80.0393149352915 30.5122343283838 110.551549263675
2060 80.8936313469455 29.658014581712 110.551645928658
2070 81.6123570648439 28.9393815719965 110.55173863684
2080 82.0522826336021 28.4995065366893 110.551789170291
2090 82.1341561808727 28.4176250821655 110.551781263038
2100 81.8664961166507 28.6852398086173 110.551735925268
2110 81.3177093632339 29.2339809584836 110.551690321718
2120 80.5649079417184 29.9867538483026 110.551661790021
2130 79.6675012665234 30.8841366125347 110.551637879058
2140 78.6801505627081 31.8714481991322 110.55159876184
2150 77.6767924843977 32.8747492154204 110.551541699818
2160 76.7531216665131 33.7983621616519 110.551483828165
2170 76.0027349571783 34.548712723099 110.551447680277
2180 75.4858610166734 35.0655848897669 110.55144590644
2190 75.2117353152456 35.3397393519607 110.551474667206
2200 75.1441281455392 35.4073877061977 110.551515851737
2210 75.2268021170235 35.3247434831675 110.551545600191
2220 75.4162544178721 35.1352929153068 110.551547333179
2230 75.7031572280786 34.8483672650897 110.551524493168
2240 76.1057114701536 34.4457913401849 110.551502810338
2250 76.633576275934 33.9179385775632 110.551514853497
2260 77.2447740043877 33.3068002705022 110.55157427489
2270 77.8306073056239 32.721052515617 110.551659821241
2280 78.2492938767551 32.3024307244938 110.551724601249
2290 78.3943191259714 32.1574073432102 110.551726469182
2300 78.2548573981285 32.2968000375771 110.551657435706
2310 77.9274276590697 32.6241211927312 110.551548851801
2320 77.5714929010295 32.9799554353799 110.551448336409
2330 77.3404420201344 33.2109474486991 110.551389468833
2340 77.3299817742254 33.2213973163853 110.551379090611
2350 77.5633154236606 32.9880898220565 110.551405245717
2360 78.0045314566072 32.5469189186111 110.551450375218
2370 78.5828581731114 31.9686402294812 110.551498402593
2380 79.2169816963008 31.334556059281 110.551537755582
2390 79.8335521538711 30.718014112521 110.551566266392
2400 80.3724098761509 30.179183960313 110.551593836464
2410 80.775932708812 29.7756969545807 110.551629663393
2420 80.9806941182598 29.5709649727438 110.551659091004
2430 80.9405081082561 29.6111387743173 110.551646882573
2440 80.6736545254135 29.877925396386 110.5515799218
2450 80.2785126556404 30.2729797961152 110.551492451756
2460 79.8859429546504 30.6654888752477 110.551431829898
2470 79.5923999655655 30.9590144719234 110.551414437489
2480 79.4326390816699 31.1187877099669 110.551426791637
2490 79.3942542841308 31.1572008232663 110.551455107397
2500 79.4368152658655 31.1146840352827 110.551499301148
2510 79.4958378843289 31.0557212027188 110.551559087048
2520 79.4874389026857 31.0641790272484 110.551617929934
2530 79.3329849372199 31.2186659080387 110.551650845259
2540 78.993483619307 31.5581618638827 110.55164548319
2550 78.4866717902511 32.064936359475 110.551608149726
2560 77.8784006704785 32.6731518881674 110.551552558646
2570 77.2622809510612 33.2892105751642 110.551491526225
2580 76.7391206805446 33.8123173881529 110.551438068698
2590 76.3961876992475 34.1552172427239 110.551404941971
2600 76.2874873354655 34.2639123097557 110.551399645221
2610 76.4215534207453 34.1298693355581 110.551422756303
2620 76.7596649446846 33.7918043940612 110.551469338746
2630 77.2236689245053 33.327858292447 110.551527216952
2640 77.7151794528536 32.8363984711644 110.551577924018
2650 78.1431551297357 32.4084541362377 110.551609265973
2660 78.4424810510099 32.1091463450763 110.551627396086
2670 78.568476536544 31.9831688621453 110.551645398689
2680 78.4834006542634 32.0682526991114 110.551653353375
2690 78.1734232937262 32.3781894333237 110.55161272705
2700 77.7002399401535 32.8512621326853 110.551502072839
2710 77.2255907411017 33.3257734798908 110.551364220992
2720 76.9485268439854 33.602754863126 110.551281707111
2730 76.9897770675262 33.5615240389716 110.551301106498
2740 77.3248673502463 33.2265272077534 110.551394558
2750 77.8194410114935 32.7320533356921 110.551494347186
2760 78.3213185536088 32.2302394213004 110.551557974909
2770 78.7213328058529 31.8302640283365 110.551596834189
2780 78.9439964968198 31.6076441171121 110.551640613932
2790 78.9145338253667 31.6371485038149 110.551682329182
2800 78.5732084586326 31.978466986767 110.5516754454
2810 77.9390387934449 32.612549123197 110.551587916642
2820 77.1514552945152 33.3999858261679 110.551441120683
2830 76.437973167918 34.1133164793192 110.551289647237
2840 76.0334191936147 34.5177601557846 110.551179349399
2850 76.1081339951654 34.4429963362401 110.551130331405
2860 76.731596821975 33.8195519543089 110.551148776284
2870 77.858659260954 32.6925842527279 110.551243513682
2880 79.3190856745626 31.2323324169555 110.551418091518
2890 80.8226165994157 29.7290218772024 110.551638476618
2900 82.0198599281802 28.531962918907 110.551822847087
2910 82.6265757097305 27.9253125531938 110.551888262924
2920 82.5446208295872 28.0071922438334 110.551813073421
2930 81.8940791717081 28.6575677770842 110.551646948792
2940 80.9411911609063 29.6102767345139 110.55146789542
2950 79.9805073666552 30.5708300340398 110.551337400695
2960 79.2372798005224 31.3140023530346 110.551282153557
2970 78.8210337307696 31.7302633805554 110.551297111325
2980 78.7288117505847 31.8225461151996 110.551357865784
2990 78.880377236852 31.671057288406 110.551434525258
3000 79.1639031420037 31.3875997974779 110.551502939482
3010 79.4742774672069 31.0772736635715 110.551551130778
3020 79.7337395381675 30.8178395101921 110.55157904836
3030 79.8948353754557 30.6567561546962 110.551591530152
3040 79.9354124281748 30.616177878984 110.551590307159
3050 79.8566516378437 30.6949218055736 110.551573443417
3060 79.6851933712934 30.8663483873236 110.551541758617
3070 79.4710562925421 31.0804460051543 110.551502297696
3080 79.2765112179407 31.2749537166318 110.551464934573
3090 79.1600080496226 31.3914318268663 110.551439876489
3100 79.1590619077109 31.3923773488951 110.551439256606
3110 79.2718720870623 31.2796009326824 110.551473019745
3120 79.444601987392 31.1069339949238 110.551535982316
3130 79.5811368977338 30.9704655861727 110.551602483906
3140 79.5811372549146 30.9705041013433 110.551641356258
3150 79.3853743335691 31.1662640119733 110.551638345542
3160 78.9974612680176 31.5541413852999 110.551602653318
3170 78.4724744380129 32.0790770639545 110.551551501967
3180 77.8928985369551 32.6585921135741 110.551490650529
3190 77.3579969935654 33.1934173894086 110.551414382974
3200 76.9867342178468 33.5645928715096 110.551327089356
3210 76.9061931328176 33.6450669973224 110.55126013014
3220 77.2045114814849 33.3467469193428 110.551258400828
3230 77.8677170707578 32.6836286345674 110.551345705325
3240 78.7479113793564 31.8035912280102 110.551502607367
3250 79.5935874717404 30.9580875503688 110.551675022109
3260 80.1308034894219 30.420998027534 110.551801516956
3270 80.1566884966267 30.3951496363737 110.551838133
3280 79.6079536469594 30.9438190016123 110.551772648572
3290 78.5812771312778 31.970351629822 110.5516287611
3300 77.2986528798772 33.2528035110928 110.55145639097
3310 76.0322343774311 34.5190746398441 110.551309017275
3320 75.0219038659681 35.5293188905827 110.551222756551
3330 74.4169399133276 36.1342697686671 110.551209681995
3340 74.2537535592601 36.2975078393756 110.551261398636
3350 74.4661435630194 36.0852102965604 110.55135385958
3360 74.9205887594418 35.6308649878242 110.551453747266
3370 75.4660959039974 35.0854339369073 110.551529840905
3380 75.9817358324747 34.5698294444704 110.551565276945
3390 76.4039877246601 34.1475748602861 110.551562584946
3400 76.725846064678 33.8256921255133 110.551538190191
3410 76.9745864611703 33.5769242276848 110.551510688855
3420 77.1848786644526 33.3666120753414 110.551490739794
3430 77.3827589597623 33.1687196113125 110.551478571075
3440 77.5847534428174 32.9667187717653 110.551472214583
3450 77.8003853426717 32.7510948047969 110.551480147469
3460 78.0208428476015 32.530675880298 110.551518727899
3470 78.1978036567317 32.3537847712983 110.55158842803
3480 78.2440615766835 32.3075950631054 110.551656639789
3490 78.078168825059 32.4735064040119 110.551675229071
3500 77.6891633875065 32.8624569229307 110.551620310437
3510 77.1680008860947 33.3835125114417 110.551513397536
3520 76.6767495808838 33.8746550031416 110.551404584025
3530 76.3773597496635 34.1739799144599 110.551339664123
3540 76.3651295679006 34.1862106848547 110.551340252755
3550 76.6366591807286 33.9147409969441 110.551400177673
3560 77.0995725923278 33.4519157121983 110.551488304526
3570 77.6192872746733 32.932273046786 110.551560321459
3580 78.0837026074184 32.4678819720735 110.551584579492
3590 78.4488292212352 32.1027353846635 110.551564605899
3600 78.734992755909 31.816540197036 110.551532952945
3610 78.982330763339 31.5691898646486 110.551520627988
3620 79.2073487596339 31.344183641808 110.551532401442
3630 79.3948160237375 31.1567333768355 110.551549400573
3640 79.5221047008238 31.0294486853888 110.551553386213
3650 79.5834061548368 30.9681402447019 110.551546399539
3660 79.5874556404511 30.9640884947035 110.551544135155
3670 79.5372630724491 31.0142890932116 110.551552165661
3680 79.4229005776012 31.1286556396948 110.551556217296
3690 79.2399230077396 31.3116178097206 110.55154081746
3700 79.009013932932 31.5424990838999 110.551513016832
3710 78.7661361942309 31.7853625635416 110.551498757773
3720 78.5281817684522 32.0233329138679 110.55151468232
3730 78.271524620887 32.2800238537053 110.551548474592
3740 77.9500225857378 32.6015458881228 110.551568473861
3750 77.5395192179393 33.0120328377927 110.551552055732
3760 77.0700819975454 33.4814223470875 110.551504344633
3770 76.6199601742004 33.9314895296047 110.551449703805
3780 76.2814520951049 34.269957641941 110.551409737046
3790 76.127768114848 34.4236252591396 110.551393373988
3800 76.1958690084933 34.3555336642884 110.551402672782
3810 76.4801289131913 34.0713087731085 110.5514376863
3820 76.9317952278406 33.6196953450252 110.551490572866
3830 77.4715893910629 33.0799502340732 110.551539625136
3840 78.0213302272142 32.5302300721636 110.551560299378
3850 78.5379536593313 32.0135959680677 110.551549627399
3860 79.0173896713533 31.5341456980749 110.551535369428
3870 79.457550764199 31.0940004794918 110.551551243691
3880 79.8147500899514 30.7368490393411 110.551599129293
3890 80.0042687742974 30.5473708517534 110.551639626051
3900 79.9565275468931 30.5951000908349 110.551627637728
3910 79.6796805494055 30.8718786197569 110.551559169162
3920 79.2655020794589 31.2859734934418 110.551475572901
3930 78.8325822207229 31.7188381461084 110.551420366831
3940 78.4642552362009 32.0871459423702 110.551401178571
3950 78.1935763781204 32.3578192455046 110.551395623625
3960 78.0300264613605 32.5213579020946 110.551384363455
3970 77.9848995110137 32.5664721822225 110.551371693236
3980 78.0669011129717 32.4844761068255 110.551377219797
3990 78.2578501325269 32.2935615761563 110.551411708683
4000 78.5003588325304 32.0511029662263 110.551461798757
4010 78.7172788883048 31.8342229342642 110.551501822569
4020 78.8467226972595 31.7047990383037 110.551521735563
4030 78.8565102328897 31.6950246485263 110.551534881416
4040 78.7286616956543 31.8228911576158 110.55155285327
4050 78.4462388394432 32.1053224898412 110.551561329284
4060 78.0127533899864 32.5387778770434 110.55153126703
4070 77.4886343552464 33.0628197417504 110.551454096997
4080 76.9985401067413 33.5528202749248 110.551360381666
4090 76.6855447830659 33.8657562802883 110.551301063354
4100 76.6383108095183 33.912998431826 110.551309241344
4110 76.8440284141869 33.707347594631 110.551376008818
4120 77.2009513133934 33.3505082332182 110.551459546612
4130 77.5781289765038 32.9733913917114 110.551520368215
4140 77.8736090525848 32.6779422369515 110.551551289536
4150 78.0299334040786 32.5216356915841 110.551569095663
4160 78.016747675201 32.5348303294937 110.551578004695
4170 77.8265531133063 32.7250054339551 110.551558547261
4180 77.4976543536645 33.0538454478064 110.551499801471
4190 77.1246142938727 33.4268093806197 110.551423674492
4200 76.8259030566288 33.725464336579 110.551367393208
4210 76.6906778262113 33.8606782859802 110.551356112192
4220 76.7416051188124 33.809789757967 110.551394876779
4230 76.9274505306692 33.6240183640199 110.551468894689
4240 77.1459967031337 33.4055469486355 110.551543651769
4250 77.2946665968905 33.2569122702405 110.551578867131
4260 77.3275007315656 33.2240566394901 110.551557371056
4270 77.2789824217087 33.2725184422094 110.551500863918
4280 77.2334218820144 33.3180314339372 110.551453315952
4290 77.2623130219596 33.2891354159728 110.551448437932
4300 77.3751442702704 33.1763450433557 110.551489313626
4310 77.5135248889245 33.0380271524118 110.551552041336
4320 77.5847825927508 32.9668225609876 110.551605153738
4330 77.5084227447974 33.0432029189653 110.551625663763
4340 77.2520086253741 33.2995936285359 110.55160225391
4350 76.8491669594422 33.7023684871022 110.551535446544
4360 76.3977716031568 34.1536692837287 110.551440886886
4370 76.0348122397049 34.5165343300245 110.551346569729
4380 75.8931909906162 34.6580918026677 110.551282793284
4390 76.0555312963825 34.4957429643113 110.551274260694
4400 76.5182821435876 34.0330510104744 110.551333154062
4410 77.1774943022267 33.3739534815247 110.551447783751
4420 77.8509448769587 32.7006313988439 110.551576275803
4430 78.3425208908225 32.2091402810333 110.551661171856
4440 78.5263444988006 32.02531867738 110.551663176181
4450 78.4033147429403 32.1482727298829 110.551587472823
4460 78.0939121802011 32.4575643541754 110.551476534377
4470 77.7762694746006 32.7751097112987 110.551379185899
4480 77.61136963027 32.9399593448483 110.551328975118
4490 77.6880269026721 32.8633132562323 110.551340158904
4500 77.9982009632114 32.5532032745518 110.551404237763
4510 78.4493097774704 32.1021773187319 110.551487096202
4520 78.915004147651 31.6365425653346 110.551546712986
4530 79.2975468576754 31.2540186809958 110.551565538671
4540 79.5569403196432 30.9946203246692 110.551560644312
4550 79.6917941500913 30.8597655482454 110.551559698337
4560 79.7029508477035 30.8486219315597 110.551572779263
4570 79.5788349185769 30.9727514265385 110.551586345115
4580 79.3127738976533 31.2388036819825 110.551577579636
4590 78.9333387223793 31.6181960942865 110.551534816666
4600 78.5188021216416 32.0326687299422 110.551470851584
4610 78.1768716129767 32.3745478690092 110.551419481986
4620 77.9953276323215 32.5560866089786 110.5514142413
4630 77.9938690505758 32.5575950821218 110.551464132698
4640 78.110695291553 32.4408519149641 110.551547206517
4650 78.2328067915172 32.3188192627411 110.551626054258
4660 78.2492163133428 32.3024533314377 110.551669644781
4670 78.0968960396445 32.4547695046617 110.551665544306
4680 77.7813263168963 32.7702934363651 110.551619753261
4690 77.3700751741095 33.1814753489378 110.551550523047
4700 76.9669771790032 33.5845037786523 110.551480957655
4710 76.6774974505697 33.8739342462555 110.551431696825
4720 76.5765103431203 33.9749056847795 110.5514160279
4730 76.6867596728806 33.8646789884049 110.551438661285
4740 76.9713295730051 33.5801649980129 110.551494571018
4750 77.3423307506987 33.2092357479732 110.551566498672
4760 77.6881086375073 32.8635187690361 110.551627406543
4770 77.9139565481167 32.6376949252458 110.551651473362
4780 77.9802656092799 32.5713610919027 110.551626701183
4790 77.9199184311369 32.6316435161479 110.551561947285
4800 77.8244952490566 32.7269913538015 110.551486602858
4810 77.8005565623594 32.7508830946336 110.551439656993
4820 77.9131719036564 32.6382763807272 110.551448284384
4830 78.1476443407265 32.4038647081059 110.551509048832
4840 78.4152917352043 32.1362966845778 110.551588419782
4850 78.6016017405925 31.9500430607399 110.551644801332
4860 78.6255555749428 31.9260993141796 110.551654889122
4870 78.4734577744453 32.078165422401 110.551623196846
4880 78.1936329754678 32.3579381579073 110.551571133375
4890 77.866140492254 32.68538082111 110.551521313364
4900 77.5690812766704 32.9824087784015 110.551490055072
4910 77.353332937281 33.1981517847304 110.551484722011
4920 77.2305383971539 33.3209635370104 110.551501934164
4930 77.1767004337442 33.3748304747957 110.55153090854
4940 77.1471611970164 33.4043981878666 110.551559384883
4950 77.0955119828944 33.4560625972635 110.551574580158
4960 76.9941518380452 33.5574119202722 110.551563758317
4970 76.8536279881377 33.697895610261 110.551523598399
4980 76.7270575223335 33.8244137795426 110.551471301876
4990 76.6852584916213 33.8661814837384 110.55143997536
5000 76.7699317848849 33.7815243235751 110.55145610846
5010 76.9563945279348 33.5951219898301 110.551516517765
5020 77.1579140746187 33.3936703008803 110.551584375499
5030 77.2765936722024 33.2750192558896 110.551612928092
5040 77.2676438346171 33.2839382867048 110.551582121322
5050 77.1672476572791 33.3842669081702 110.551514565449
5060 77.0621896652687 33.4892653684224 110.551455033691
5070 77.0286776734916 33.5227561747735 110.551433848265
5080 77.0907312433775 33.4607154479177 110.551446691295
5090 77.2264759457876 33.3249904395071 110.551466385295
5100 77.4063445146294 33.1451268356932 110.551471350323
5110 77.6238443411556 32.9276148250123 110.551459166168
5120 77.8987502045716 32.6526883782637 110.551438582835
5130 78.2619532124094 32.2894695707089 110.551422783118
5140 78.7325041705839 31.8189278595812 110.551432030165
5150 79.286971850941 31.2645160918194 110.55148794276
5160 79.8311379675957 30.7204547168567 110.551592684452
5170 80.2015816852779 30.350131867604 110.551713552882
5180 80.2160807839518 30.3357132808047 110.551794064757
5190 79.7560142133218 30.7957735050312 110.551787718353
5200 78.8336217442423 31.7180668481763 110.551688592419
5210 77.6014922940757 32.9500416630287 110.551533957104
5220 76.2997443063286 34.2516343796666 110.551378685995
5230 75.1753579265698 35.3759078831548 110.551265809725
5240 74.4153647928998 36.1358490079347 110.551213800834
5250 74.114612979403 36.4366048423425 110.551217821745
5260 74.2788174460028 36.2724371910373 110.55125463704
5270 74.8554767252512 35.6958174840089 110.55129420926
5280 75.7746122427233 34.7767104439304 110.551322686654
5290 76.96755748911 33.5838028290121 110.551360318122
5300 78.3411658683028 32.2102825940726 110.551448462375
5310 79.7270268919608 30.8245782469468 110.551605138908
5320 80.8664771927376 29.6853079907269 110.551785183465
5330 81.4827499255761 29.0691440455042 110.55189397108
5340 81.41670363894 29.1351588900307 110.551862528971
5350 80.7224130047942 29.8293003299301 110.551713334724
5360 79.6350537102426 30.9164861014951 110.551539811738
5370 78.4389300815481 32.1124939438862 110.551424025434
5380 77.3470088349702 33.2043736524239 110.551382487394
5390 76.4686053975323 34.0827740640833 110.551379461616
5400 75.8510023128422 34.700371444668 110.55137375751
5410 75.5322454212462 35.0191062801285 110.551351701375
5420 75.5584195084064 34.9929110302253 110.551330538632
5430 75.9592114296361 34.5921309167105 110.551342346347
5440 76.7042468856888 33.8471639524525 110.551410838141
5450 77.6733346155033 32.8781957235473 110.551530339051
5460 78.6695598336304 31.8820997765979 110.551659610228
5470 79.4820616062631 31.0696804244857 110.551742030749
5480 79.9688070817234 30.5829382133882 110.551745295112
5490 80.104293381518 30.4473948543842 110.551688235902
5500 79.9560952547995 30.5955278908682 110.551623145668
5510 79.6143377853957 30.9372481078332 110.551585893229
5520 79.1409243218069 31.4106430181787 110.551567339986
5530 78.5776865452817 31.9738502129169 110.551536758199
5540 77.9842373899869 32.5672468166482 110.551484206635
5550 77.4496818462895 33.1017486254832 110.551430471773
5560 77.0629138569674 33.4884886161344 110.551402473102
5570 76.8726923989937 33.6787193567064 110.5514117557
5580 76.8681899747678 33.6832636869544 110.551453661722
5590 76.9844571129475 33.567056669129 110.551513782076
5600 77.1248791094748 33.4266926095918 110.551571719067
5610 77.1936172457326 33.3579892066864 110.551606452419
5620 77.1286208485997 33.4229839360944 110.551604784694
5630 76.9223639137442 33.629203627358 110.551567541102
5640 76.620865144419 33.9306467360931 110.551511880512
5650 76.2983275811006 34.2531395242358 110.551467105336
5660 76.0157895284584 34.535666710459 110.551456238917
5670 75.790325861244 34.761148413453 110.551474274697
5680 75.6026809376993 34.9488112275591 110.551492165258
5690 75.4368050701813 35.1146808220298 110.551485892211
5700 75.3126920076832 35.238763153091 110.551455160774
5710 75.2866258491939 35.2647911095152 110.551416958709
5720 75.4257131263348 35.1256808073914 110.551393933726
5730 75.7730505380755 34.7783581788113 110.551408716887
5740 76.3142234485056 34.2372507014614 110.551474149967
5750 76.9599533954176 33.5916266896177 110.551580085035
5760 77.5620669832349 32.9896258880149 110.55169287125
5770 77.9625373264476 32.5892344778105 110.551771804258
5780 78.0524848025098 32.4993045712063 110.551789373716
5790 77.8123868309146 32.7393552751682 110.551742106083
5800 77.3175078159024 33.2341413629933 110.551649178896
5810 76.7099568317696 33.8415867674825 110.551543599252
5820 76.1500275795163 34.4014329182833 110.5514604978
5830 75.7641993865866 34.7872251014769 110.551424488063
5840 75.6083947698892 34.9430452800829 110.551440049972
5850 75.6604619555682 34.8910290263804 110.551490981949
5860 75.8430251833913 34.7085248524752 110.551550035866
5870 76.0634016342899 34.488190261468 110.551591895758
5880 76.2518504784824 34.2997512482277 110.55160172671
5890 76.3846150213144 34.1669637452538 110.551578766568
5900 76.4853065786675 34.0662308430587 110.551537421726
5910 76.6034406585323 33.9480613281396 110.551501986672
5920 76.7790607627389 33.772431000015 110.551491762754
5930 77.0151025199265 33.5364042113028 110.551506731229
5940 77.2775065087755 33.2740219695902 110.551528478366
5950 77.5218299828514 33.0297067523892 110.551536735241
5960 77.7233601435802 32.8281661354812 110.551526279061
5970 77.8867393346991 32.6647700362272 110.551509370926
5980 78.0306632823402 32.5208403459985 110.551503628339
5990 78.1636401175262 32.3878769779275 110.551517095454
6000 78.2716926220515 32.2798481311269 110.551540753178
6010 78.3288865544422 32.2226674164418 110.551553970884
6020 78.323252818645 32.2282906428869 110.551543461532
6030 78.2730828067326 32.2784367584325 110.551519565165
6040 78.2132163752886 32.3382903086258 110.551506683914
6050 78.1641011974447 32.3874140352942 110.551515232739
6060 78.1193652260467 32.4321644254291 110.551529651476
6070 78.0670148784955 32.4845106140368 110.551525492532
6080 78.0217021391561 32.5297911522139 110.55149329137
6090 78.0359619788209 32.5154845988078 110.551446577629
6100 78.1792831315619 32.3721297884455 110.551412920007
6110 78.4978658316537 32.053551580196 110.55141741185
6120 78.979053246171 31.5724143584016 110.551467604573
6130 79.5418464474656 31.0097017827235 110.551548230189
6140 80.0603789798587 30.4912508171887 110.551629797047
6150 80.4076943714413 30.1439906026233 110.551684974065
6160 80.4965530245207 30.0551472914142 110.551700315935
6170 80.3004839196433 30.2511924991792 110.551676418822
6180 79.8543100986008 30.6973101264508 110.551620225052
6190 79.2444229425563 31.3071153509754 110.551538293532
6200 78.5977155375068 31.9537232341605 110.551438771667
6210 78.0661788040383 32.485163610234 110.551342414272
6220 77.7929692709377 32.7583194775992 110.551288748537
6230 77.8540647261911 32.6972536145107 110.551318340702
6240 78.2022371051643 32.349197040956 110.55143414612
6250 78.6661768653549 31.8854020442772 110.551578909632
6260 79.032859695717 31.5188074151351 110.551667110852
6270 79.1673218598693 31.3843326453821 110.551654505251
6280 79.0760248478567 31.4755474266172 110.551572274474
6290 78.8675476869736 31.6839415375257 110.551489224499
6300 78.6592259706107 31.8922258973275 110.551451867938
6310 78.5104674035577 32.0409953102835 110.551462713841
6320 78.4152044312101 32.136294885594 110.551499316804
6330 78.3303085173521 32.2212314724223 110.551539989774
6340 78.2049497970453 32.3466251859514 110.551574982997
6350 77.9944457726825 32.5571590134683 110.551604786151
6360 77.6609473799108 32.890682611539 110.55162999145
6370 77.1746074615485 33.3770339146521 110.551641376201
6380 76.5271963515072 34.0244280100757 110.551624361583
6390 75.7517139279062 34.799860243277 110.551574171183
6400 74.9284183138242 35.6230838999157 110.55150221374
6410 74.1686736537937 36.3827541959981 110.551427849792
6420 73.5868574638267 36.9645107162566 110.551368180083
6430 73.2740670384929 37.2772686559526 110.551335694446
6440 73.2782183314563 37.2731207287173 110.551339060174
6450 73.5912102513977 36.9601684611436 110.551378712541
6460 74.1494948508749 36.4019460727687 110.551440923644
6470 74.8549077194185 35.6965944503258 110.551502169744
6480 75.6086030430641 34.9429415604329 110.551544603497
6490 76.336912822988 34.2146541690476 110.551566992036
6500 76.9945266471926 33.5570517856253 110.551578432818
6510 77.5530268171154 32.9985570377555 110.551583854871
6520 77.9936473347519 32.5579334615575 110.551580796309
6530 78.3090266448703 32.2425436870332 110.551570331904
6540 78.5008562513899 32.0507083649918 110.551564616382
6550 78.5647109481 31.9868655778031 110.551576525903
6560 78.4759287353138 32.0756706085329 110.551599343847
6570 78.2020382205865 32.3495622498033 110.55160047039
6580 77.7476174525949 32.8039268358418 110.551544288437
6590 77.1995612551602 33.3518677721607 110.551429027321
6600 76.7246798509525 33.8266191148403 110.551298965793
6610 76.5054508889973 34.045763795723 110.55121468472
6620 76.6544090488368 33.8968035905264 110.551212639363
6630 77.1618734954217 33.3894195284918 110.551293023914
6640 77.8952938342379 32.6561398415588 110.551433675797
6650 78.6338809889764 31.9177178672108 110.551598856187
6660 79.1267254614575 31.4250100566744 110.551735518132
6670 79.1751070312389 31.3766808390643 110.551787870303
6680 78.7141937744417 31.837542517717 110.551736292159
6690 77.8404375889091 32.7111752880709 110.55161287698
6700 76.7636589522611 33.787814691983 110.551473644244
6710 75.7216789634933 34.8296849628105 110.551363926304
6720 74.908150584144 35.643152180954 110.551302765098
6730 74.4391912989451 36.1120927319572 110.551284030902
6740 74.3581669482564 36.1931249789618 110.551291927218
6750 74.6560533536953 35.8952709838197 110.551324337515
6760 75.2754511010078 35.2759471524201 110.551398253428
6770 76.0918393870183 34.4596826608439 110.551522047862
6780 76.9089713695215 33.6426936814564 110.551665050978
6790 77.5076736245134 33.0440931216818 110.551766746195
6800 77.7343136475973 32.8174675177736 110.551781165371
6810 77.5679728518232 32.9837370557196 110.551709907543
6820 77.1201273492629 33.4314655482248 110.551592897488
6830 76.5776918483888 33.9737830078456 110.551474856234
6840 76.1349110308533 34.4164739498914 110.551384980745
6850 75.9443356654613 34.6070048290421 110.551340494503
6860 76.0858870340182 34.465466819424 110.551353853442
6870 76.5467544547575 34.0046718283554 110.551426283113
6880 77.2210828411921 33.3304530431097 110.551535884302
6890 77.9441352104035 32.6075055555443 110.551640765948
6900 78.5549484206263 31.9967525315186 110.551700952145
6910 78.9563502946126 31.5953496667313 110.551699961344
6920 79.1412069086553 31.4104430484234 110.551649957079
6930 79.1759070514009 31.3756768927653 110.551583944166
6940 79.1518603498192 31.3996816640116 110.551542013831
6950 79.1267093877465 31.4248412102378 110.551550597984
6960 79.0866364834009 31.4649638452643 110.551600328665
6970 78.9603417243459 31.5913026747512 110.551644399097
6980 78.6849804117826 31.8666511464922 110.551631558275
6990 78.2775205077626 32.2740296824013 110.551550190164
7000 77.8509420214274 32.7004990488622 110.55144107029
7010 77.5572029037216 32.9941646449568 110.551367548678
7020 77.4976186527474 33.0537527025937 110.551371355341
7030 77.6628630137345 32.8885843307012 110.551447344436
7040 77.9392910680057 32.6122601250325 110.551551193038
7050 78.1717065132871 32.3799244027222 110.551630916009
7060 78.2386993477232 32.3129576042955 110.551656952019
7070 78.0977214804979 32.4539091011858 110.551630581684
7080 77.7860371019314 32.7655372066595 110.551574308591
7090 77.3892438356795 33.162275713151 110.55151954883
7100 76.9952666602567 33.5562280808758 110.551494741132
7110 76.6523905490174 33.8991199051334 110.551510454151
7120 76.3529893646676 34.19855970523 110.551549069898
7130 76.0569892837316 34.4945825922564 110.551571875988
7140 75.7446240698095 34.8069201202932 110.551544190103
7150 75.4633573383921 35.088104744896 110.551462083288
7160 75.3319593267723 35.219400845904 110.551360172676
7170 75.490944356126 35.0603494781313 110.551293834257
7180 76.0242680892965 34.5270391079332 110.55130719723
7190 76.8976370198133 33.653768695589 110.551405715402
7200 77.9526441720573 32.5989050527754 110.551549224833
7210 78.9664581720033 31.5852149231376 110.551673095141
7220 79.746447871498 30.805280877106 110.551728748604
7230 80.2023013705183 30.3494118741412 110.55171324466
7240 80.3538220307293 30.1978382924142 110.551660323143
7250 80.2848739431569 30.2667325334836 110.551606476641
7260 80.0890246709567 30.4625450695921 110.551569740549
7270 79.8383983786602 30.7131532997652 110.551551678425
7280 79.5765354397066 30.9750110472762 110.551546486983
7290 79.3240792830367 31.2274676017845 110.551546884821
7300 79.0885801800509 31.4629676350036 110.551547815054
7310 78.8722574211261 31.6792913552689 110.551548776395
7320 78.6736360295062 31.8779166994052 110.551552728911
7330 78.4841608196184 32.0674003156119 110.55156113523
7340 78.2867293525602 32.2648394617487 110.551568814309
7350 78.0633429109865 32.4882220370199 110.551564948006
7360 77.8103635070937 32.7411788297261 110.55154233682
7370 77.5487521763458 33.0027541310795 110.551506307425
7380 77.3172457428497 33.234226849368 110.551472592218
7390 77.1509469891193 33.4005100748882 110.551457064007
7400 77.0592564159395 33.4922110542724 110.551467470212
7410 77.0156918239596 33.5358066556148 110.551498479574
7420 76.9670628063081 33.5844674965323 110.55153030284
7430 76.8625364166238 33.689001953141 110.551538369765
7440 76.6879889757193 33.8635231503278 110.551512126047
7450 76.4803622930382 34.071101848815 110.551464141853
7460 76.3103124502802 34.2411061544312 110.551418604711
7470 76.2484447687065 34.3029477809445 110.551392549651
7480 76.340581808486 34.2108046928239 110.55138650131
7490 76.6052441398091 33.9461448088407 110.55138894865
7500 77.0467514809833 33.5046421527062 110.551393633689
7510 77.6606712327638 32.8907436131666 110.55141484593
7520 78.4133193954473 32.138155942589 110.551475338036
7530 79.2124469376761 31.3391286835374 110.551575621214
7540 79.9088654924939 30.642819139685 110.551684632179
7550 80.3415216550344 30.2102391102639 110.551760765298
7560 80.3982218474773 30.1535547916452 110.551776639123
7570 80.0569082915703 30.4948207997011 110.551729091271
7580 79.3916674942768 31.1599680172457 110.551635511522
7590 78.5476435268571 32.003880693926 110.551524220783
7600 77.6987990078268 32.8526248622091 110.551423870036
7610 77.0046694145688 33.5466839283002 110.551353342869
7620 76.5810148443022 33.9703015048789 110.551316349181
7630 76.491686510522 34.0596205832373 110.551307093759
7640 76.7538601669107 33.7974633590843 110.551323525995
7650 77.3394441494276 33.2119283659213 110.551372515349
7660 78.1667016664121 32.3847562856243 110.551457952036
7670 79.0983086214267 31.453255555102 110.551564176529
7680 79.9672746973113 30.5843811933552 110.551655890667
7690 80.6294345060795 29.9222647043314 110.551699210411
7700 81.0128679146788 29.5388171873322 110.551685102011
7710 81.1318073555518 29.4198256325748 110.551632988127
7720 81.0596937666044 29.4918791499513 110.551572916556
7730 80.8855346974216 29.6659907159476 110.551525413369
7740 80.681881002644 29.8696152691258 110.55149627177
7750 80.4934125861069 30.0580720561727 110.55148464228
7760 80.3367643091572 30.2147262048121 110.551490513969
7770 80.2015002786599 30.350012951324 110.551513229984
7780 80.0531012634154 30.4984432700685 110.551544533484
7790 79.846241961074 30.7053234812973 110.551565442371
7800 79.5515912538741 30.9999645370212 110.551555790895
7810 79.1824973367057 31.3690168512665 110.551514187972
7820 78.7951362571112 31.7563315175459 110.551467774657
7830 78.4503224370603 32.1011321229037 110.551454559964
7840 78.1616296787364 32.3898613649844 110.551491043721
7850 77.8739265347984 32.6776286144285 110.551555149227
7860 77.4955803546865 33.0560197588857 110.551600113572
7870 76.9648493716824 33.5867393801616 110.551588751844
7880 76.3026290626013 34.2488918500894 110.551520912691
7890 75.6132488725665 34.9381819546856 110.551430827252
7900 75.0362534174659 35.5151049938092 110.551358411275
7910 74.6876431231269 35.8636819347262 110.551325057853
7920 74.6247399199433 35.9265930989646 110.551333018908
7930 74.8387270375896 35.712648561636 110.551375599226
7940 75.2632146823141 35.2882255880111 110.551440270325
7950 75.7942407052832 34.7572654059257 110.551506111209
7960 76.3232089464637 34.2283398399004 110.551548786364
7970 76.7736862179709 33.7778714976565 110.551557715627
7980 77.1176882625783 33.4338604669012 110.55154872948
7990 77.3550509843674 33.1964998844351 110.551550868803
8000 77.474451252724 33.0771253411542 110.551576593878
8010 77.4364687760398 33.1151390461593 110.551607822199
8020 77.198082883963 33.3535278964688 110.551610780432
8030 76.7588247853975 33.7927379457026 110.5515627311
8040 76.1918053857706 34.3596618333193 110.55146721909
8050 75.6379018233065 34.9134479185783 110.551349741885
8060 75.2681165685657 35.2831276900211 110.551244258587
8070 75.2327728816247 35.3184098253489 110.551182706974
8080 75.6139879126859 34.9371981583469 110.551186071033
8090 76.3959397994409 34.1553136069305 110.551253406371
8100 77.4680799566733 33.0832795697697 110.551359526443
8110 78.6631031605269 31.8883677276899 110.551470888217
8120 79.8072814601532 30.7442836809507 110.551565141104
8130 80.7560738678028 29.7955587410084 110.551632608811
8140 81.4112613628529 29.1404030336143 110.551664396467
8150 81.7339045388739 28.8177452336819 110.551649772556
8160 81.7566919778672 28.7948965831659 110.551588561033
8170 81.5799723833936 28.9715310467446 110.551503430138
8180 81.3360877139593 29.2153479780988 110.551435692058
8190 81.129526637789 29.4218947321544 110.551421369943
8200 80.986662219365 29.5648028512964 110.551465070661
8210 80.8502659770518 29.7012711026161 110.551537079668
8220 80.6219608479743 29.9296363646718 110.551597212646
8230 80.2196164795557 30.332005367407 110.551621846963
8240 79.612168629652 30.9394415825483 110.5516102122
8250 78.8220314923768 31.7295401544432 110.55157164682
8260 77.9112452701298 32.6402703873004 110.55151565743
8270 76.965687760576 33.585765378428 110.551453139004
8280 76.0782909286304 34.4731041022769 110.551395030907
8290 75.3340757587081 35.217268804582 110.55134456329
8300 74.8057598251542 35.7455397397546 110.551299564909
8310 74.5555718588168 35.9956951974178 110.551267056235
8320 74.6247417326265 35.9265238133781 110.551265546005
8330 75.0085653478093 35.5427395113177 110.551304859127
8340 75.6432774979268 34.9080926135807 110.551370111507
8350 76.425570767877 34.1258634825363 110.551434250413
8360 77.2489380830843 33.302546959447 110.551485042531
8370 78.0218893332923 32.5296439343363 110.551533267629
8380 78.6570800186084 31.8945118587259 110.551591877334
8390 79.0583746348911 31.4932756001592 110.55165023505
8400 79.1392427191681 31.4124314570181 110.551674176186
8410 78.8712801091573 31.6803548908556 110.551635000013
8420 78.3231459024577 32.2283919403869 110.551537842845
8430 77.6516232146937 32.8997959407074 110.551419155401
8440 77.0480963638685 33.5032226557132 110.551319019582
8450 76.6778144860967 33.8734469979744 110.551261484071
8460 76.6401324829644 33.9111251841764 110.551257667141
8470 76.9484054457647 33.6029083423617 110.551313788126
8480 77.5204583473126 33.0309679508397 110.551426298152
8490 78.1863080740566 32.3652610500554 110.551569124112
8500 78.7296840614361 31.8220064813289 110.551690542765
8510 78.9656359013091 31.5860973878525 110.551733289162
8520 78.8235249229299 31.7281497653898 110.55167468832
8530 78.3786063148439 32.1729490452706 110.551555360114
8540 77.7946405728059 32.7568149431627 110.551455515969
8550 77.2129526283137 33.3384722098752 110.551424838189
8560 76.6841222349642 33.867315387986 110.55143762295
8570 76.2019557134292 34.3494743603394 110.551430073769
8580 75.7897076706993 34.7616649802686 110.551372650968
8590 75.5410347892028 35.0102555946248 110.551290383828
8600 75.5841129741629 34.9671190475102 110.551232021673
8610 76.0089253829744 34.542313246489 110.551238629463
8620 76.8052687815872 33.7460546842617 110.551323465849
8630 77.843679818185 32.7077786574861 110.551458475671
8640 78.9175921600954 31.6339911074251 110.55158326752
8650 79.8313429008188 30.7203038656324 110.551646766451
8660 80.4755045106501 30.0761418764111 110.551646387061
8670 80.8354671221145 29.7161540133284 110.551621135443
8680 80.9399314218369 29.6116819283313 110.551613350168
8690 80.8009120503975 29.7507270714058 110.551639121803
8700 80.389651404307 30.1620273343121 110.551678738619
8710 79.6638306531248 30.8878592455294 110.551689898654
8720 78.6266235860448 31.9250181417826 110.551641727827
8730 77.3698297074856 33.1817098143647 110.55153952185
8740 76.0664311666961 34.4849833109813 110.551414477677
8750 74.92443572066 35.6268639747912 110.551299695451
8760 74.1346649938227 36.4165567646815 110.551221758504
8770 73.827570150513 36.7236316773873 110.5512018279
8780 74.0405751647485 36.5106756970727 110.551250861821
8790 74.7029255674097 35.8484348753091 110.551360442719
8800 75.6499657907873 34.9015335137117 110.551499304499
8810 76.6703506715491 33.8812731609769 110.551623832526
8820 77.5702527278987 32.9814480079712 110.55170073587
8830 78.2229954890294 32.328728432211 110.55172392124
8840 78.5812230227137 31.9704856086322 110.551708631346
8850 78.6587764387969 31.8928953594964 110.551671798293
8860 78.5077332172406 32.0438891154713 110.551622332712
8870 78.2040804734577 32.3474862769661 110.551566750424
8880 77.8360726496659 32.7154418132911 110.551514462957
8890 77.4890650021363 33.0624086551587 110.551473657295
8900 77.2318954532379 33.3195513188202 110.551446772058
8910 77.1104442165659 33.4409901894183 110.551434405984
8920 77.1437658753575 33.4076762402562 110.551442115614
8930 77.3150119199807 33.2364670425892 110.55147896257
8940 77.56035097852 32.9911944576668 110.551545436187
8950 77.7725100852226 32.7791110498305 110.551621135053
8960 77.8341832133212 32.7174850602022 110.551668273523
8970 77.6738990300095 32.8777565930697 110.551655623079
8980 77.3101699414787 33.2414131949841 110.551583136463
8990 76.8505855718233 33.7008965584312 110.551482130254
9000 76.4460396425813 34.1053537295647 110.551393372146
9010 76.2304670218615 34.3208798635502 110.551346885412
9020 76.2752859330976 34.2760697159843 110.551355649082
9030 76.569400942986 33.9820141932928 110.551415136279
9040 77.0265370265829 33.5249635413848 110.551500567968
9050 77.5225187963837 33.0290512968215 110.551570093205
9060 77.9554969088138 32.5960891473979 110.551586056212
9070 78.2982219085306 32.253322505508 110.551544414039
9080 78.6022262081634 31.9492577014991 110.551483909662
9090 78.9426219510958 31.6088386850085 110.551460636104
9100 79.340057043888 31.211447609703 110.551504653591
9110 79.7205694866403 30.8310242426588 110.551593729299
9120 79.9490125587634 30.6026579034266 110.55167046219
9130 79.9113729063841 30.6403171594462 110.55169006583
9140 79.5801312863277 30.9715179904532 110.551649276781
9150 79.0218233065545 31.529747243342 110.551570549896
9160 78.3650790912571 32.186396422562 110.551475513819
9170 77.7644849930393 32.7868985714587 110.551383564498
9180 77.3659720956081 33.1853495717003 110.551321667308
9190 77.2645159702719 33.2868008144953 110.551316784767
9200 77.4654232510273 33.0859519148928 110.55137516592
9210 77.8765694233619 32.6749045061721 110.551473929534
9220 78.3427278191555 32.2088460418229 110.551573860978
9230 78.7044659769037 31.8471727952987 110.551638772202
9240 78.8537171096934 31.6979304757086 110.551647585402
9250 78.7667343543607 31.7848660860086 110.551600440369
9260 78.5044982156012 32.0470223336837 110.551520549285
9270 78.1789959275401 32.372448546686 110.551444474226
9280 77.9003926133093 32.6510083920549 110.551401005364
9290 77.7347474961066 32.8166482376104 110.551395733717
9300 77.6937838445976 32.8576314910198 110.551415335617
9310 77.7518821370598 32.7995611346638 110.551443271724
9320 77.8695912407318 32.6818774678469 110.551468708579
9330 78.01073917349 32.5407451472361 110.551484320726
9340 78.1543734596341 32.3971105590549 110.551484018689
9350 78.3032113319851 32.2482573482864 110.551468680272
9360 78.4808268369001 32.070625153694 110.551451990594
9370 78.7107529195843 31.8407014161242 110.551454335708
9380 78.9867342981666 31.5647544166675 110.551488714834
9390 79.2541291357975 31.2974232631256 110.551552398923
9400 79.4152214897963 31.136405585469 110.551627075265
9410 79.3589829096273 31.1926985999567 110.551681509584
9420 79.0098448273028 31.5418344126992 110.551679240002
9430 78.3813117502778 32.1702872486071 110.551598998885
9440 77.6040925104903 32.9473664265931 110.551458937083
9450 76.8964836344479 33.6548337875897 110.551317422038
9460 76.4783908614975 34.0728479273655 110.551238788863
9470 76.477294315012 34.0739573138085 110.55125162882
9480 76.8840934083266 33.667243481392 110.551336889719
9490 77.5766678075015 32.9747830645585 110.55145087206
9500 78.3811413756072 32.1704147640152 110.551556139622
9510 79.1283751511499 31.4232592729199 110.55163442407
9520 79.6858187177042 30.8658622740559 110.55168099176
9530 79.9698618103105 30.5818335436118 110.551695353922
9540 79.9501976994175 30.6014796414114 110.551677340829
9550 79.65110278048 30.9005276681755 110.551630448655
9560 79.1450745612993 31.4064939148871 110.551568476186
9570 78.5312779314542 32.020234738782 110.551512670236
9580 77.9041656429776 32.6473108687226 110.5514765117
9590 77.3326023783749 33.2188545018291 110.551456880204
9600 76.8610434846494 33.6904005634596 110.551444048109
9610 76.52017262189 34.0312643434174 110.551436965307
9620 76.3273341917267 34.2241109949157 110.551445186642
9630 76.2742109012351 34.2772656633887 110.551476564624
9640 76.31786862126 34.2336560109945 110.551524632255
9650 76.391548910832 34.1600197784982 110.55156868933
9660 76.4344712755021 34.1171152447578 110.55158652026
9670 76.4230936415917 34.1284735840436 110.551567225635
9680 76.3860231783174 34.1654913805184 110.551514558836
9690 76.3973209944513 34.1541231031984 110.55144409765
9700 76.5521579242943 33.9992212166972 110.551379140992
9710 76.9318743153505 33.619468760294 110.551343075644
9720 77.5701562727716 32.9811927191289 110.5513489919
9730 78.4348036321825 32.1165906641517 110.551394296334
9740 79.432347072989 31.1191182307548 110.551465303744
9750 80.4290254916367 30.1225231764993 110.551548668136
9760 81.2724674641546 29.2791714140135 110.551638878168
9770 81.804256181335 28.74747466943 110.551730850765
9780 81.8732907658195 28.6785133040441 110.551804069864
9790 81.3697791538599 29.1820436067999 110.55182276066
9800 80.2777454992771 30.2740150051462 110.551760504423
9810 78.7121081532441 31.8395150579089 110.551623211153
9820 76.9084551855285 33.6429919436491 110.551447129178
9830 75.1669699014678 35.3843104744353 110.551280375903
9840 73.7765390795119 36.7746257840324 110.551164863544
9850 72.9468173465494 37.6043074633088 110.551124809858
9860 72.766911314618 37.7842516359402 110.551162950558
9870 73.1977375380596 37.3535257204056 110.551263258465
9880 74.0949995208975 36.4563976545901 110.551397175488
9890 75.2535870784866 35.2979442591543 110.551531337641
9900 76.4610443454184 34.0905916796989 110.551636025117
9910 77.5461363317749 33.0055569617093 110.551693293484
9920 78.409151351913 32.1425505766717 110.551701928585
9930 79.0259334357785 31.5257421597022 110.551675595481
9940 79.4280695586838 31.1235658023315 110.551635361015
9950 79.6703657246286 30.881236724842 110.551602449471
9960 79.7976352044321 30.7539573416401 110.551592546072
9970 79.820962639179 30.7306462913634 110.551608930542
9980 79.7136710880322 30.8379671106599 110.551638198692
9990 79.4318763459175 31.1197800592661 110.551656405184
10000 78.949697487382 31.6019468208152 110.551644308197
10010 78.2871298968375 32.2644698584105 110.551599755248
10020 77.5132842282306 33.0382519673701 110.551536195601
10030 76.7272049997993 33.8242641846685 110.551469184468
10040 76.0345382016979 34.5168680943137 110.551406296012
10050 75.533907694687 35.0174417217258 110.551349416413
10060 75.3108877763026 35.2404123730354 110.551300149338
10070 75.4326932587784 35.1185671036969 110.551260362475
10080 75.9421447894171 34.6090908806934 110.551235670111
10090 76.8458715822533 33.7053768522929 110.551248434546
10100 78.0813678838262 32.4699729003639 110.55134078419
10110 79.4636249253709 31.0879113108174 110.551536236188
10120 80.6657955839551 29.8859834034674 110.551778987423
10130 81.3111150999246 29.240821065335 110.55193616526
10140 81.1641866395715 29.3877173459498 110.551903985521
10150 80.275176039262 30.2765346445714 110.551710683833
10160 78.9405700978593 31.6109133453833 110.551483443243
10170 77.5236768617325 33.0276507941166 110.551327655849
10180 76.2968697416026 34.2543962073562 110.551265948959
10190 75.3952167659538 35.1560541939081 110.551270959862
10200 74.8453087052857 35.7060090625173 110.551317767803
10210 74.6003289870812 35.951066168519 110.5513951556
10220 74.5629371925315 35.9885443645661 110.551481557098
10230 74.6228349678641 35.9286994258569 110.551534393721
10240 74.7183073853122 35.833215200737 110.551522586049
10250 74.8772600183312 35.6742064437952 110.551466462126
10260 75.187386189133 35.3640392474003 110.551425436533
10270 75.7131925738002 34.8382513687299 110.55144394253
10280 76.4315817973033 34.1199397600576 110.551521557361
10290 77.2288064818839 33.3228208708231 110.551627352707
10300 77.9439025630389 32.6078197572142 110.551722320253
10310 78.4284469344595 32.1233213977115 110.551768332171
10320 78.6059005635509 31.9458383112887 110.55173887484
10330 78.5117722364956 32.0398664566123 110.551638693108
10340 78.2872570491313 32.2642520853829 110.551509134514
10350 78.1198297739579 32.4315752105342 110.551404984492
10360 78.1629150903492 32.3884479103206 110.55136300067
10370 78.4793978605709 32.0719891435596 110.55138700413
10380 79.0322181275976 31.5192354327147 110.551453560312
10390 79.7158258133695 30.8357043880488 110.551530201418
10400 80.4032854828221 30.1483092851044 110.551594767927
10410 80.9816972355462 29.5699444976705 110.551641733217
10420 81.3659423690851 29.1857286585953 110.55167102768
10430 81.5038735719958 29.0478013880126 110.551674960008
10440 81.3887604694269 29.1628823968089 110.551642866236
10450 81.072226439634 29.4793533332755 110.55157977291
10460 80.6538219997676 29.8976905340334 110.551512533801
10470 80.2406333092598 30.3108374174309 110.551470726691
10480 79.9034668469869 30.6479963961058 110.551463243093
10490 79.6619759523089 30.8894993034987 110.551475255808
10500 79.5037762303866 31.0477087949781 110.551485025365
10510 79.4147411871814 31.1367419719677 110.551483159149
10520 79.3932269053558 31.158253308331 110.551480213687
10530 79.4368952692402 31.1146038203137 110.551499089554
10540 79.5125666877895 31.0389894720016 110.551556159791
10550 79.5356043299093 31.0160366422365 110.551640972146
10560 79.386540315547 31.1651707156209 110.551711031168
10570 78.9707814440947 31.5809331483255 110.55171459242
10580 78.2894335666569 32.2621959935998 110.551629560257
10590 77.4688855839141 33.082597909655 110.551483493569
10600 76.7218681532299 33.8294682330862 110.551336386316
10610 76.2618141761202 34.2894315469561 110.551245723076
10620 76.2184692790851 34.3327705828484 110.551239861934
10630 76.5946949932455 33.9566126051425 110.551307598388
10640 77.2814573526486 33.2699504471446 110.551407799793
10650 78.1170662425259 32.4344335176855 110.551499760211
10660 78.9477910610789 31.6037775692177 110.551568630297
10670 79.6540260133222 30.8975931330208 110.551619146343
10680 80.1477158112722 30.4039399546906 110.551655765963
10690 80.366997639905 30.1846786077255 110.55167624763
10700 80.2793812089184 30.2722916394397 110.551672848358
10710 79.8929217051801 30.6587135867995 110.55163529198
10720 79.269773581619 31.2817887381598 110.551562319779
10730 78.5259905281206 32.0254820685816 110.551472596702
10740 77.8039626442235 32.7474336568831 110.551396301107
10750 77.2292644758768 33.3220884785829 110.55135295446
10760 76.8812938766817 33.6700476635365 110.551341540218
10770 76.7912176279316 33.7601353158493 110.551352943781
10780 76.9516597886191 33.5997263340331 110.551386122652
10790 77.3174221943882 33.2340242889121 110.5514464833
10800 77.7995954340648 32.7519335631243 110.551528997189
10810 78.2752515316172 32.2763567460838 110.551608277701
10820 78.6253081199089 31.9263423387955 110.551650458704
10830 78.7838125201682 31.7678244949711 110.551637015139
10840 78.7656759107683 31.7859013693457 110.551577280114
10850 78.654623976558 31.8968761296869 110.551500106245
10860 78.5614990729176 31.9899378446864 110.551436917604
10870 78.5766184463572 31.9747921050425 110.5514105514
10880 78.7341973193433 31.8172329849602 110.551430304304
10890 78.9984691139283 31.553018344135 110.551487458063
10900 79.2781749250948 31.2733796421223 110.551554567217
10910 79.4684496479728 31.0831481260706 110.551597774043
10920 79.5008775775192 31.0507212533754 110.551598830895
10930 79.3706869810484 31.1808795703711 110.551566551419
10940 79.1253099076375 31.4262162640416 110.551526171679
10950 78.8283208700254 31.7231806266657 110.551501496691
10960 78.5240240523825 32.0274805805322 110.551504632915
10970 78.2193318727665 32.3321981367985 110.551530009565
10980 77.8918937237797 32.6596603519657 110.551554075745
10990 77.5231417005247 33.0284086517083 110.551550352233
11000 77.1344535693787 33.4170584318975 110.551512001276
11010 76.7956143272302 33.7558454914226 110.551459818653
11020 76.5944880196773 33.9569406209733 110.551428640651
11030 76.5864653534042 33.964980051463 110.551445404867
11040 76.7548444925627 33.7966695305863 110.551514023149
11050 77.0044537144413 33.5471599255926 110.551613640034
11060 77.1916431441861 33.3600661889824 110.551709333168
11070 77.1756234510684 33.3761448003006 110.551768251369
11080 76.8680370759472 33.683733816859 110.551770892806
11090 76.2637924903004 34.2879202040316 110.551712694332
11100 75.4490200157263 35.1025821510074 110.551602166734
11110 74.5873808402268 35.9640822532656 110.551463093492
11120 73.8823661719556 36.6689702300078 110.551336401963
11130 73.5153404366217 37.0359300598307 110.551270496452
11140 73.575074756651 36.9762234690645 110.551298225715
11150 74.0119805271239 36.5394326569471 110.551413184071
11160 74.6497064177813 35.901858195329 110.55156461311
11170 75.2596294675298 35.2920531583215 110.551682625851
11180 75.661888572237 34.8898323912778 110.551720963515
11190 75.7936168910453 34.7580650688814 110.551681959927
11200 75.7092172704763 34.8423853065895 110.551602577066
11210 75.5296308435576 35.0218900552883 110.551520898846
11220 75.385396219839 35.166060466838 110.551456686677
11230 75.3820643153295 35.1693510848731 110.551415400203
11240 75.5859062799415 34.9654941216146 110.551400401556
11250 76.0156149991364 34.5358026917354 110.551417690872
11260 76.6341534414455 33.9173173701164 110.551470811562
11270 77.3473378692305 33.2042146181942 110.551552487425
11280 78.0196814125179 32.5319592673066 110.551640679825
11290 78.5112123252613 32.0404921618055 110.551704487067
11300 78.7249684294189 31.826750945974 110.551719375393
11310 78.6427618250458 31.9089198180947 110.55168164314
11320 78.3293096557709 32.2222996241447 110.551609279916
11330 77.904169943042 32.6473590620211 110.551529005063
11340 77.4998845795766 33.0515784007371 110.551462980314
11350 77.2255780156725 33.3258472914601 110.551425307133
11360 77.142401569188 33.4090228876381 110.551424456826
11370 77.249057992297 33.3024038132565 110.551461805553
11380 77.4802359441945 33.0712885178527 110.551524462047
11390 77.7276610399385 32.8239202102006 110.551581250139
11400 77.8883154096759 32.6632764491502 110.551591858826
11410 77.9253320784441 32.6261989599144 110.551531038359
11420 77.9059357398608 32.6454798788489 110.55141561871
11430 77.9785613619051 32.5727460051879 110.551307367093
11440 78.2864979104517 32.2647780824718 110.551275992923
11450 78.8698259821034 31.6815232132217 110.551349195325
11460 79.6249011588197 30.9265934528259 110.551494611646
11470 80.3477681960472 30.2038768385451 110.551645034592
11480 80.8282004084251 29.7235385432494 110.551738951674
11490 80.9376487348355 29.6140983778813 110.551747112717
11500 80.6715655184535 29.8801145438511 110.551680062305
11510 80.1340173380413 30.4175637179901 110.551581056031
11520 79.4754973336116 31.0760063558149 110.551503689426
11530 78.8167945061977 31.7346859871359 110.551480493334
11540 78.2029890945692 32.3485148444367 110.551503939006
11550 77.6132649556897 32.9382735460646 110.551538501754
11560 77.0098809269222 33.5416721091262 110.551553036048
11570 76.3825920230996 34.1689479646974 110.551539987797
11580 75.7616386770267 34.7898681736612 110.551506850688
11590 75.2087287712477 35.3427305182643 110.551459289512
11600 74.8073856730948 35.7440136369264 110.551399310021
11610 74.6555852870858 35.8957527415234 110.551338028609
11620 74.8455610340679 35.7057408985019 110.55130193257
11630 75.4243516728216 35.1269681451557 110.551319817977
11640 76.3532531116315 34.1981502658803 110.551403377512
11650 77.4927389134208 33.0587999799491 110.55153889337
11660 78.624982399875 31.926708940234 110.551691340109
11670 79.5081848311376 31.0436307781121 110.55181560925
11680 79.9454178869173 30.6064547940134 110.551872680931
11690 79.8436395811416 30.7082059186608 110.551845499802
11700 79.2397470853268 31.3119986382375 110.551745723564
11710 78.2837565786344 32.26785152449 110.551608103124
11720 77.1871034421864 33.3643728690732 110.55147631126
11730 76.1569698731851 34.3944160301082 110.551385903293
11740 75.3420494257401 35.2093009455074 110.551350371247
11750 74.810493712214 35.7408628530181 110.551356565232
11760 74.566745245036 35.9846286626082 110.551373907644
11770 74.5936657069522 35.9577100017448 110.551375708697
11780 74.8893772923982 35.6619824499241 110.551359742322
11790 75.4701486567598 35.081200749901 110.551349406661
11800 76.337938766236 34.2134336700028 110.551372436239
11810 77.441893404476 33.1095452089115 110.551438613388
11820 78.6652215435582 31.8863142527454 110.551535796304
11830 79.8447279256166 30.7069112905748 110.551639216191
11840 80.8104515696208 29.7412707288961 110.551722298517
11850 81.4284983144878 29.1232668630828 110.551765177571
11860 81.6333677572436 28.9183895456025 110.551757302846
11870 81.4443247944351 29.1073718780466 110.551696672482
11880 80.9654504175537 29.5861433852903 110.551593802844
11890 80.3650657584169 30.1864098809871 110.551475639404
11900 79.8321243629109 30.7192527126854 110.551377075596
11910 79.5230861438982 31.0282372743983 110.551323418297
11920 79.5234078333523 31.0279134657624 110.551321299115
11930 79.8360796919558 30.7152857454854 110.551365437441
11940 80.388624663965 30.1628250015696 110.551449665535
11950 81.0441727979647 29.5073941499582 110.551566947923
11960 81.6165775748099 28.9351194101877 110.551696984998
11970 81.9053257688006 28.6464718256496 110.55179759445
11980 81.7596880134944 28.7921305870327 110.551818600527
11990 81.1508596737089 29.400875600347 110.551735274056
12000 80.2055253689305 30.3460469593848 110.551572328315
12010 79.1684871076475 31.3829056091958 110.551392716843
12020 78.3103240661946 32.2409361046192 110.551260170814
12030 77.8322788394035 32.7189307717084 110.551209611112
12040 77.8113075838749 32.7399373034425 110.551244887317
12050 78.1912618988851 32.360091838673 110.551353737558
12060 78.8014442720871 31.7500712053059 110.551515477393
12070 79.3922076762339 31.1594814399505 110.551689116184
12080 79.7006035576348 30.8512053141596 110.551808871794
12090 79.5469850751986 31.004835264398 110.551820339597
12100 78.9124791576095 31.6392458711512 110.551725028761
12110 77.9392570924363 32.6123150982592 110.551572190695
12120 76.8626047836375 33.6888105127942 110.551415296432
12130 75.9308059224724 34.620487250506 110.551293172978
12140 75.3419664356315 35.2092695189075 110.551235954539
12150 75.1955321894931 35.3557280484223 110.551260237915
12160 75.4670031471268 35.0843492010353 110.551352348162
12170 76.0273441125683 34.5241231755167 110.551467288085
12180 76.7070731704984 33.8444812033488 110.551554373847
12190 77.369219981917 33.1823702000277 110.551590181945
12200 77.9454287606473 32.6061619113893 110.551590672037
12210 78.4177584690058 32.1338340008988 110.551592469905
12220 78.7710919339465 31.7805275100459 110.551619443992
12230 78.9618938797986 31.5897677338539 110.551661613653
12240 78.932499510391 31.6191835891575 110.551683099549
12250 78.6597904318267 31.891863447668 110.551653879495
12260 78.1944992277727 32.3570793878971 110.55157861567
12270 77.6524005901299 32.8990938929387 110.551494483069
12280 77.1610719865391 33.3903687470145 110.551440733554
12290 76.8036324551141 33.7478002968196 110.551432751934
12300 76.5952141039302 33.956247724442 110.551461828372
12310 76.494090198126 34.0574181218891 110.551508320015
12320 76.4304125371858 34.1211369085063 110.551549445692
12330 76.3406131643928 34.2109501197708 110.551563284164
12340 76.1998367988621 34.351702131284 110.551538930146
12350 76.0373328464139 34.5141568895919 110.551489736006
12360 75.9172179480826 34.6342348562763 110.551452804359
12370 75.8875666652533 34.663893201548 110.551459866801
12380 75.9392197697503 34.6122758563369 110.551495626087
12390 76.0279109614254 34.523591106494 110.551502067919
12400 76.1495809146192 34.4018698720198 110.551450786639
12410 76.374933469924 34.1764561776918 110.551389647616
12420 76.7848527677559 33.7665376353185 110.551390403074
12430 77.3730232541028 33.178452157885 110.551475411988
12440 78.0135206380499 32.5380866981396 110.551607336189
12450 78.5124791742872 32.0392461730197 110.551725347307
12460 78.6963304165703 31.8554524946306 110.551782911201
12470 78.4818928977378 32.0698731454176 110.551766043155
12480 77.8995756941954 32.6521147755187 110.551690469714
12490 77.0718720498473 33.479714032432 110.551586082279
12500 76.1690248767053 34.3824557045458 110.551480581251
12510 75.3658771277881 35.1855144129125 110.551391540701
12520 74.8122940277732 35.7390341732614 110.551328201035
12530 74.615647414126 35.9356499465036 110.55129736063
12540 74.827617354889 35.7236897148988 110.551307069788
12550 75.430626457642 35.12073780675 110.551364264392
12560 76.3281207086209 34.2233455103439 110.551466218965
12570 77.351438112136 33.2001536946854 110.551591806821
12580 78.2950902978096 32.2566127968775 110.551703094687
12590 78.9763343660968 31.575428119633 110.55176248573
12600 79.2931787705657 31.2585742693653 110.551753039931
12610 79.2514126573391 31.3002702072324 110.551682864571
12620 78.953155707718 31.5984202565945 110.551575964313
12630 78.5591230660057 31.992341925118 110.551464991124
12640 78.2368861835265 32.3144999941374 110.551386177664
12650 78.1052480670199 32.4461201716476 110.551368238667
12660 78.1918319886706 32.3595855568812 110.551417545552
12670 78.4245220178888 32.1269896404383 110.551511658327
12680 78.6649318810149 31.8866775957513 110.551609476766
12690 78.7689378695649 31.7827348657171 110.551672735282
12700 78.6436101779074 31.9080737449108 110.551683922818
12710 78.2746084410783 32.2770407341079 110.551649175186
12720 77.7188761951898 32.8327113891454 110.551587584335
12730 77.0768367700472 33.4746820472902 110.551518817337
12740 76.4617205501553 34.0897382557108 110.551458805866
12750 75.9736853663223 34.5777350175459 110.551420383868
12760 75.6797089624302 34.8717009341219 110.551409896552
12770 75.6041683972727 34.9472538898008 110.551422287074
12780 75.7356706484208 34.815774569843 110.551445218264
12790 76.0438003097337 34.5076704281744 110.551470737908
12800 76.4901202653513 34.0613806870241 110.551500952375
12810 77.0259182080908 33.525623389891 110.551541597982
12820 77.5853542204902 32.9662374694201 110.55159168991
12830 78.0880483818671 32.4635919345638 110.551640316431
12840 78.4554914707193 32.0961816840792 110.551673154798
12850 78.6323775865927 31.9193038431301 110.551681429723
12860 78.6003853888274 31.9512794378302 110.551664826658
12870 78.379689861624 32.1719386166893 110.551628478313
12880 78.0214916965389 32.5300891547286 110.551580851267
12890 77.5944820263099 32.9570526779193 110.551534704229
12900 77.1651976931337 33.3863064646236 110.551504157757
12910 76.7776274796474 33.7738664836765 110.551493963324
12920 76.4464123854276 34.1050810323546 110.551493417782
12930 76.1706372372796 34.3808513689694 110.551488606249
12940 75.9522072473373 34.5992712430758 110.551478490413
12950 75.7990657237656 34.752403066864 110.55146879063
12960 75.7206414771951 34.8308142086692 110.551455685864
12970 75.7339677993306 34.8174656870979 110.551433486428
12980 75.8695237500901 34.6818916438154 110.551415393906
12990 76.1514235477932 34.40000328805 110.551426835843
13000 76.5617911640672 33.9896857250847 110.551476889152
13010 77.0275600351855 33.5239872763768 110.551547311562
13020 77.4456532086273 33.1059555943807 110.551608803008
13030 77.7251709688506 32.826471604819 110.55164257367
13040 77.816256659929 32.7353902851006 110.55164694503
13050 77.7150714032003 32.8365563129713 110.551627716172
13060 77.4564421756546 33.0951464581932 110.551588633848
13070 77.1066355408312 33.4448983654189 110.55153390625
13080 76.7541253214544 33.797348688533 110.551474009987
13090 76.4920297186901 34.0593930181824 110.551422736872
13100 76.3966651035445 34.1547248667215 110.551389970266
13110 76.5122017480059 34.0391789952325 110.551380743238
13120 76.8434732330344 33.7079259513303 110.551399184365
13130 77.3521243614392 33.1993228322521 110.551447193691
13140 77.9571602702696 32.5943561339763 110.551516404246
13150 78.5492053191401 32.0023811013072 110.551586420447
13160 79.0203021966374 31.5313345055306 110.551636702168
13170 79.2939694299483 31.257689481545 110.551658911493
13180 79.338767722311 31.2128875103277 110.551655232639
13190 79.1661875310034 31.385440261842 110.551627792845
13200 78.8260827233371 31.7254925790028 110.55157530234
13210 78.4044264005659 32.1470764463672 110.551502846933
13220 78.0112499736595 32.5401831813141 110.551433154974
13230 77.7451998866418 32.8062017882863 110.551401674928
13240 77.6433048642703 32.9081271774904 110.551432041761
13250 77.6502923003652 32.9012197692993 110.551512069664
13260 77.6394900151524 32.9121062241356 110.551596239288
13270 77.4803389775872 33.0712972457889 110.551636223376
13280 77.109310770499 33.4423015690101 110.551612339509
13290 76.5597953397203 33.9917455373333 110.551540877054
13300 75.9396482436972 34.6118103396664 110.551458583364
13310 75.3775370606234 35.1738636935432 110.551400754167
13320 74.9696727672436 35.5817115514661 110.55138431871
13330 74.7523066619499 35.7990938767211 110.551400538671
13340 74.7112308497578 35.8401910587716 110.551421908529
13350 74.8184500492513 35.732974378007 110.551424427258
13360 75.0651247932672 35.4862848379022 110.551409631169
13370 75.4613792044162 35.0900221463189 110.551401350735
13380 76.0071865351986 34.5442317434217 110.55141827862
13390 76.6696108963453 33.8818443752571 110.551455271602
13400 77.390272810202 33.1612225400123 110.551495350214
13410 78.1077394084313 32.4437932602246 110.551532668656
13420 78.7659394743249 31.785632383473 110.551571857798
13430 79.3095505645236 31.2420561903788 110.551606754902
13440 79.6926028662897 30.8590149685035 110.551617834793
13450 79.9027277719464 30.648872316667 110.551600088613
13460 79.9660827782964 30.5854958679372 110.551578646234
13470 79.914133513421 30.6374480922793 110.5515816057
13480 79.7474021998694 30.8042022462295 110.551604446099
13490 79.4420499490902 31.1095636305165 110.551613579607
13500 78.9944414652188 31.5571435775057 110.551585042724
13510 78.4525504356489 32.0989820734885 110.551532509137
13520 77.8971677494 32.6543255636806 110.551493313081
13530 77.3913840559548 33.1601074070863 110.551491463041
13540 76.9474895106988 33.6040304651551 110.551519975854
13550 76.5356285036043 34.015925796044 110.551554299648
13560 76.1173355110992 34.4342366015358 110.551572112635
13570 75.6768309974632 34.8747300814853 110.551561078949
13580 75.2377725160517 35.313747723264 110.551520239316
13590 74.8628979756897 35.688563367013 110.551461342703
13600 74.6356176870201 35.9157882341995 110.55140592122
13610 74.6284171579888 35.9229587871445 110.551375945133
13620 74.8711862940038 35.6801981340066 110.55138442801
13630 75.3327582532837 35.2186748170165 110.5514330703
13640 75.9199859027691 34.6315283084833 110.551514211252
13650 76.492985373404 34.0586220064364 110.55160737984
13660 76.9005196383841 33.651155066491 110.551674704875
13670 77.0380788400315 33.5135970227449 110.551675862776
13680 76.9051193995251 33.6464818783914 110.551601277916
13690 76.6165291832675 33.9349576514176 110.551486834685
13700 76.3496500860843 34.2017391360478 110.551389222132
13710 76.260859500487 34.2904888363227 110.55134833681
13720 76.4243558532195 34.127014668718 110.551370521938
13730 76.8188588411791 33.7325770152799 110.551435856459
13740 77.3539162925923 33.1975981350696 110.551514427662
13750 77.9128792016743 32.6387016192194 110.551580820894
13760 78.3913177360017 32.1603042934581 110.55162202946
13770 78.7191672210789 31.8324689386871 110.551636159766
13780 78.8674732110062 31.6841518298021 110.551625040808
13790 78.8483955154028 31.7031945924212 110.551590107824
13800 78.7128647659447 31.8386725177829 110.551537283728
13810 78.5394487368891 32.0120350651101 110.551483801999
13820 78.4068478965098 32.14460646791 110.55145436442
13830 78.3572448014396 32.1942206077647 110.551465409204
13840 78.3731464753574 32.1783646041106 110.551511079468
13850 78.3869323167064 32.1646327705402 110.551565087247
13860 78.3198112797454 32.2317864888597 110.551597768605
13870 78.125799146839 32.4257940837303 110.551593230569
13880 77.8158954708408 32.7356588162186 110.551554287059
13890 77.4544626263829 33.0970337072814 110.551496333664
13900 77.1359685598002 33.4154696463563 110.551438206157
13910 76.9554649054235 33.5959313245032 110.551396229927
13920 76.9823167961841 33.5690655599137 110.551382356098
13930 77.2410051996487 33.3103978373529 110.551403037002
13940 77.7010937276515 32.8503629877106 110.551456715362
13950 78.2796081596129 32.2719238903927 110.551532050006
13960 78.8579851962612 31.6936243874819 110.551609583743
13970 79.3111374526904 31.2405300246552 110.551667477346
13980 79.5402219266548 31.0114693156854 110.55169124234
13990 79.495343053083 31.056339397693 110.551682450776
14000 79.1767167261408 31.3749379184386 110.551654644579
14010 78.6197859147003 31.9318292609192 110.55161517562
14020 77.8871233153248 32.6644303254501 110.551553640775
14030 77.0807640458557 33.4706924621169 110.551456507973
14040 76.3550907361419 34.1962457446658 110.551336480808
14050 75.8924829503918 34.6587592478242 110.551242198216
14060 75.8310799096958 34.720151210403 110.551231120099
14070 76.1834982311211 34.3678275587516 110.551325789873
14080 76.8073849964596 33.7441043982626 110.551489394722
14090 77.4606810888566 33.0909622616036 110.55164335046
14100 77.9151023857998 32.6366160454377 110.551718431238
14110 78.0559542684511 32.4957431686392 110.55169743709
14120 77.9091046242516 32.6425081220132 110.551612746265
14130 77.5969064149103 32.9546059814393 110.55151239635
14140 77.268472438367 33.2829615419541 110.551433980321
14150 77.0422623956652 33.5091342645079 110.551396660173
14160 76.9751557581696 33.57624429786 110.55140005603
14170 77.0602789613797 33.4911526576705 110.55143161905
14180 77.2434566669979 33.3080255893199 110.551482256318
14190 77.4382948072387 33.1132547326207 110.551549539859
14200 77.5356585938968 33.0159622900626 110.551620883959
14210 77.4273215555989 33.1243438500718 110.551665405671
14220 77.0516906670002 33.4999651056189 110.551655772619
14230 76.4320949172191 34.1194985837682 110.551593500987
14240 75.6742925027338 34.8772119780332 110.551504480767
14250 74.9281692416672 35.6232474361686 110.551416677836
14260 74.3435698727642 36.2077791536525 110.551349026417
14270 74.0380080066148 36.513305031423 110.551313038038
14280 74.0767579367438 36.4745556851731 110.551313621917
14290 74.4645239004144 36.0868233923193 110.551347292734
14300 75.1500734093877 35.4013313114602 110.551404720848
14310 76.039622807256 34.511855598336 110.551478405592
14320 77.0087515335907 33.5428150276901 110.551566561281
14330 77.9083728367204 32.6432923259044 110.551665162625
14340 78.5758658369797 31.975888278152 110.551754115132
14350 78.8689655399543 31.6828307029343 110.551796242889
14360 78.7214782888497 31.8302814664832 110.551759755333
14370 78.1886119920653 32.3630350928404 110.551647084906
14380 77.4426002957989 33.1088983149825 110.551498610781
14390 76.7136314924495 33.8377347360212 110.551366228471
14400 76.2118931604455 34.3393928476018 110.551286008047
14410 76.0697931807875 34.4814780629431 110.551271243731
14420 76.3175328135166 34.2337848317945 110.551317645311
14430 76.8872903011107 33.6641172577426 110.551407558853
14440 77.6399307728215 32.9115826334494 110.551513406271
14450 78.4077704407838 32.1438352244666 110.55160566525
14460 79.0407818809625 31.5108815685786 110.551663449541
14470 79.4404817423581 31.1111985590353 110.551680301393
14480 79.572451839147 30.9792095719187 110.551661411066
14490 79.4605556734333 31.0910596440559 110.551615317489
14500 79.1737572725202 31.3777921812898 110.55154945381
14510 78.8118779272381 31.7395974148925 110.551475342131
14520 78.4848323755761 32.0665824235097 110.551414799086
14530 78.278956188354 32.272438162373 110.551394350727
14540 78.2192512277107 32.3321770912055 110.551428318916
14550 78.2509432468224 32.300560816824 110.551504063646
14560 78.260044170033 32.2915395899976 110.551583760031
14570 78.1293114963636 32.4223137096354 110.551625205999
14580 77.7998737143977 32.7517333332369 110.551607047635
14590 77.3027594613022 33.2487807441558 110.551540205458
14600 76.7434536862975 33.8080069005513 110.551460586849
14610 76.2495232772703 34.301885214954 110.551408492224
14620 75.9113202582986 34.6400838238965 110.551404082195
14630 75.7510962697331 34.8003386594855 110.551434929219
14640 75.7379623258148 34.8135067656081 110.551469091423
14650 75.8306048070949 34.7208800224307 110.551484829526
14660 76.0071647105453 34.5443238650786 110.551488575624
14670 76.2576577730577 34.2938457980164 110.551503571074
14680 76.5539712650822 33.9975712738372 110.551542538919
14690 76.8343584602814 33.7172348629964 110.551593323278
14700 77.0221003859947 33.5295303204712 110.551630706466
14710 77.0623702299635 33.4892691468074 110.551639376771
14720 76.9455534793721 33.6060696040113 110.551623083383
14730 76.7032636713834 33.8483298962207 110.551593567604
14740 76.3908359956864 34.1607204224308 110.551556418117
14750 76.0756233554123 34.4758878089844 110.551511164397
14760 75.8325940457504 34.7188686603907 110.551462706141
14770 75.7336610415714 34.8177661001025 110.551427141674
14780 75.823971146181 34.7274512817164 110.551422427897
14790 76.0979643773616 34.4534879674245 110.551452344786
14800 76.496594468211 34.0549053721935 110.551499840404
14810 76.9341373819669 33.617399960275 110.551537342242
14820 77.3394301671784 33.2121181714487 110.551548338627
14830 77.6811400664021 32.8704023057097 110.551542372112
14840 77.9567618274981 32.5947823698827 110.551544197381
14850 78.1600653794449 32.391499612616 110.551564992061
14860 78.2650973584318 32.2864938396283 110.55159119806
14870 78.242234513662 32.3093694550464 110.551603968708
14880 78.0820308410144 32.4695683634944 110.551599204509
14890 77.8001871069914 32.7513969016665 110.551584008658
14900 77.4267357402297 33.1248275396745 110.551563279904
14910 76.9970008935196 33.5545363710136 110.551537264533
14920 76.5490993078055 34.0024090736087 110.551508381414
14930 76.1202302991557 34.4312530689022 110.551483368058
14940 75.7390395916368 34.8124266550051 110.551466246642
14950 75.4223034988183 35.1291495639138 110.551453062732
14960 75.1812195406622 35.3702196491686 110.551439189831
14970 75.0268390689797 35.5245918923053 110.551430961285
14980 74.9603132820991 35.5911282495673 110.551441531666
14990 74.9554867846691 35.5959818106091 110.551468595278
15000 74.9638328908779 35.587651103102 110.55148399398
